fips_ipeds,year,fourcat,dif_white,dif_hispa,dif_black,dif_asian,dif_amind,dif_pacis,dif_othra,dif_twora
"Alabama",2009,"For-Profit",-.7445157,2.992044,-24.66087,.8297736,.1546434,,22.51658,-1.069225
"Alabama",2010,"For-Profit",.6002004,.9350625,-14.78285,.5900093,.035526,-.0365923,13.07213,-.4134806
"Alabama",2011,"For-Profit",-38.08488,-4.460917,36.44637,-.367761,.3070864,.1580898,5.357414,.6445972
"Alabama",2012,"For-Profit",-1.142402,2.868297,-12.41404,-.4028832,-.1374151,.0834574,10.10377,1.041213
"Alabama",2013,"For-Profit",-.373098,2.247862,-9.312067,-.1483848,-.0062683,.1505169,6.25986,1.181582
"Alabama",2014,"For-Profit",.5680863,2.423451,-9.624701,-.1930405,-.0293638,.2118744,5.444887,1.19881
"Alabama",2015,"For-Profit",-31.11859,-2.386234,32.79882,-.0875326,.3059988,.4176544,.5857821,-.5158989
"Alabama",2016,"For-Profit",-32.15925,-2.004827,34.24127,-.3763778,-.0463392,.4214679,-.10509,.0291459
"Alabama",2017,"For-Profit",-34.12418,-1.968532,37.09444,-.7642857,.0601561,.0776218,.1139062,-.4891288
"Alabama",2009,"Private More Selective",22.82556,-.6495804,-23.37424,.4692618,-.0276012,,2.092971,-1.256221
"Alabama",2010,"Private More Selective",23.43679,-1.947011,-20.44333,.5268065,-.0128016,-.0606444,-.9585606,-.5412517
"Alabama",2011,"Private More Selective",21.74829,-1.117455,-21.4539,.3701926,-.0713064,.0192195,1.132049,-.627093
"Alabama",2012,"Private More Selective",20.29559,.2634161,-22.16486,.1585954,-.0478834,.0253721,1.621397,-.1516254
"Alabama",2013,"Private More Selective",19.33781,1.4783,-22.37441,.0818331,-.0499337,-.0059049,1.786877,-.2545729
"Alabama",2014,"Private More Selective",20.09455,.5046981,-22.61567,.4953975,-.0913645,-.0368502,1.752335,-.1030993
"Alabama",2015,"Private More Selective",19.61066,-.1253565,-22.9111,.6895123,.0801086,-.000074,2.023279,.6329637
"Alabama",2016,"Private More Selective",20.80601,-.8247761,-22.67031,.6026577,-.1023559,.0649607,1.803429,.3203878
"Alabama",2017,"Private More Selective",21.5602,-1.806249,-21.9906,.5921031,-.2502676,.0513615,1.375693,.4677626
"Alabama",2009,"Private Non-Selective",-3.603744,1.289045,-7.621922,.2725095,.1219779,,10.64284,-1.36206
"Alabama",2010,"Private Non-Selective",-11.08233,-.8855661,-6.290264,-.7113587,-.3325779,.0841482,20.57551,-1.357558
"Alabama",2011,"Private Non-Selective",-27.79577,-1.03177,-19.7531,-1.272159,1.122683,.1235364,49.92476,-1.318178
"Alabama",2012,"Private Non-Selective",-28.11514,-2.068457,-6.824898,-.5548008,-.4791125,.3443523,38.79252,-1.094463
"Alabama",2013,"Private Non-Selective",-22.42403,-1.700403,-1.832837,-.6255774,-.1978139,.3955355,27.40094,-1.015813
"Alabama",2014,"Private Non-Selective",-1.563114,1.344834,-20.59167,-.3384723,.5457461,.6287607,18.94817,1.02575
"Alabama",2015,"Private Non-Selective",-2.159068,4.709631,-16.37732,-1.045035,.5599076,-.0409313,14.18937,.1634414
"Alabama",2016,"Private Non-Selective",6.998874,3.386266,-21.35257,.0751402,.9707625,-.0204247,4.554723,5.387231
"Alabama",2017,"Private Non-Selective",11.73909,3.222949,-21.42008,-1.387217,-.89947,.6687602,6.20365,1.872316
"Alabama",2009,"Private Selective",-36.21649,-2.760748,33.80687,-.7914918,-.0485334,,7.17466,-.7012076
"Alabama",2010,"Private Selective",-37.40384,-4.432202,32.43017,-.9688375,-.0829623,-.0697377,11.53351,-1.006107
"Alabama",2011,"Private Selective",-36.64276,-3.914145,36.21964,-.8206102,-.0688956,.0332051,6.062897,-.8693337
"Alabama",2012,"Private Selective",-36.51292,-3.857562,34.87321,-.8558745,-.0586666,.0578837,7.187087,-.8331593
"Alabama",2013,"Private Selective",-35.587,-3.576439,33.31145,-.797308,-.016897,.0938987,7.358314,-.786016
"Alabama",2014,"Private Selective",-34.56585,-2.920789,32.23117,-.8656117,.0642684,.0135576,6.76727,-.7240203
"Alabama",2015,"Private Selective",-34.52812,-2.499494,34.0644,-.8329688,.1010025,.0501131,4.22532,-.5802461
"Alabama",2016,"Private Selective",-34.77096,-2.323835,29.88181,-.878556,-.057464,.0639978,8.529207,-.4441978
"Alabama",2017,"Private Selective",-34.68584,-2.13415,31.48499,-.7749032,-.0935476,.3919339,5.928861,-.1173477
"Alabama",2009,"Public More Selective",28.15941,-1.706073,-26.08142,.5090819,.1988964,,.0266618,
"Alabama",2010,"Public More Selective",27.49603,-3.154809,-22.08648,.3398184,.2098763,-.0752931,-1.638559,-1.090583
"Alabama",2011,"Public More Selective",25.65153,-2.716953,-23.14596,.3681937,.204475,-.0177325,.374229,-.7177767
"Alabama",2012,"Public More Selective",25.30297,-2.457671,-23.74412,.3617652,.1950697,.021914,.7839956,-.4639306
"Alabama",2013,"Public More Selective",24.69974,-2.20866,-23.9292,.4180273,.1888587,.035905,1.070802,-.275473
"Alabama",2014,"Public More Selective",24.39374,-1.689312,-24.42111,.4018484,.1328737,.0261867,1.168193,-.0124286
"Alabama",2015,"Public More Selective",23.8478,-.8353272,-24.78635,.5542485,.0970271,.0304634,.8981377,.1940017
"Alabama",2016,"Public More Selective",23.52139,-.4460869,-25.16599,.572229,.0402057,.0520272,.9478049,.4784179
"Alabama",2017,"Public More Selective",23.4754,-.4527,-25.45211,.4756747,-.0617145,.0624339,1.196149,.7568634
"Alabama",2009,"Public Non-Selective",-6.217344,-.8564407,2.879236,.0167792,1.314118,,3.931798,-1.120007
"Alabama",2010,"Public Non-Selective",-7.624883,-2.95352,6.008656,-.2881714,1.171291,-.0367985,4.967055,-1.243626
"Alabama",2011,"Public Non-Selective",-7.962973,-2.255442,4.246728,-.438947,.805191,.0385314,6.00162,-.4347054
"Alabama",2012,"Public Non-Selective",-5.588984,-2.362186,2.23622,-.4435169,.7165814,.0468742,5.363722,.0312855
"Alabama",2013,"Public Non-Selective",-4.729316,-2.128695,.1528408,-.4563432,.578124,.068244,6.087581,.4275625
"Alabama",2014,"Public Non-Selective",-1.845863,-1.667399,-2.633949,-.5141647,.5305921,.0833498,5.247535,.799898
"Alabama",2015,"Public Non-Selective",-.1567529,-1.131691,-5.250787,-.5022507,.4891998,.0704124,5.519295,.9625759
"Alabama",2016,"Public Non-Selective",-.735908,-.9435086,-5.157872,-.4881207,.3222794,.1279872,5.947702,.9274365
"Alabama",2017,"Public Non-Selective",.214286,-.9687392,-5.810203,-.408847,.1720266,.119061,5.935069,.7473494
"Alabama",2009,"Public Selective",-3.838801,-2.020737,.984149,.906247,.1561981,,4.901572,-.7184934
"Alabama",2010,"Public Selective",-3.922718,-3.81486,5.429087,.64261,.0231436,.0274989,2.485461,-.870224
"Alabama",2011,"Public Selective",-4.837838,-3.209386,3.131335,.8319919,-.0257371,.0690649,4.51817,-.4776017
"Alabama",2012,"Public Selective",-4.837296,-3.090636,3.132689,.9550019,.0082598,.0498545,3.861954,-.0798288
"Alabama",2013,"Public Selective",-4.678323,-3.049598,3.032969,1.001841,.0461516,.0485655,3.532347,.0660466
"Alabama",2014,"Public Selective",-4.584878,-2.611425,2.176478,1.005291,-.007063,.0620074,3.64139,.3181995
"Alabama",2015,"Public Selective",-5.290375,-2.147108,1.972297,1.172805,.0719192,.0574373,3.551828,.6111979
"Alabama",2016,"Public Selective",-5.525841,-1.949685,1.355653,1.228551,.088923,.0547144,4.204739,.5429423
"Alabama",2017,"Public Selective",-4.579554,-1.9738,1.607748,1.320817,-.0524649,.0773504,3.16029,.4396139
"Alaska",2009,"Private Selective",3.013647,-3.681677,-2.198109,-2.054208,10.57462,,4.73051,-9.240452
"Alaska",2010,"Private Selective",2.754217,-3.070289,-.6484106,-3.776166,7.12708,-1.841496,6.426132,-6.971064
"Alaska",2011,"Private Selective",-2.992672,-3.879456,-.5024258,-4.494355,8.695329,-1.408829,11.55704,-6.974638
"Alaska",2012,"Private Selective",-6.068635,-4.842989,-2.763523,-4.06697,5.33889,-1.010469,12.31336,1.10034
"Alaska",2013,"Private Selective",-4.488832,-5.098771,-2.591884,-3.904031,9.829806,-1.349396,8.282844,-.6797358
"Alaska",2014,"Private Selective",-5.145818,-5.418534,-2.557861,-3.417173,11.53133,-.9768264,7.242319,-1.257444
"Alaska",2015,"Private Selective",-2.088755,-7.215245,-1.61065,-4.087763,12.75773,-1.504905,4.876987,-1.1274
"Alaska",2016,"Private Selective",-7.123998,-9.031533,-.8542296,-4.991945,8.452134,-1.131405,10.59715,4.083827
"Alaska",2017,"Private Selective",-6.787762,-4.756989,-1.04401,-5.0016,9.630701,-1.168593,7.035507,2.092749
"Alaska",2009,"Public Non-Selective",1.08519,-5.284426,-2.545454,2.109907,1.53766,,7.222197,-3.009742
"Alaska",2010,"Public Non-Selective",1.74913,-1.411399,-.9710168,-.0784555,-1.563525,-.9369483,5.557928,-2.345711
"Alaska",2011,"Public Non-Selective",-1.627192,-1.320385,-1.321634,1.228534,-.4616212,-.889322,7.698752,-3.307131
"Alaska",2012,"Public Non-Selective",-2.620028,-1.133505,-1.347373,.689835,-.9171362,-.8821568,8.27323,-2.062862
"Alaska",2013,"Public Non-Selective",-1.795787,-1.209041,-1.754397,1.143924,-1.069313,-.9564192,6.844349,-1.203317
"Alaska",2014,"Public Non-Selective",-1.302969,-1.31091,-1.696309,1.393664,-1.299836,-.9844483,6.547051,-1.346242
"Alaska",2015,"Public Non-Selective",-1.134885,-1.063295,-1.720468,1.386439,-1.065682,-.819327,5.465031,-1.047817
"Alaska",2016,"Public Non-Selective",-.2848757,-1.260394,-1.222363,1.32395,-1.807151,-1.01136,5.115567,-.8533714
"Alaska",2017,"Public Non-Selective",.8716915,-1.13083,-1.575127,1.397732,-2.599039,-1.042681,4.332875,-.2546224
"Alaska",2009,"Public Selective",-4.233241,-5.275686,-4.234576,-.3590025,8.200865,,5.600756,.6062403
"Alaska",2010,"Public Selective",-14.00101,-2.289385,-2.500947,-.8960091,6.959194,-.1895054,14.47652,-1.558857
"Alaska",2011,"Public Selective",-16.57112,-2.785255,-3.046904,-1.774679,6.288721,.0155676,18.71019,-.8365169
"Alaska",2012,"Public Selective",-19.42437,-2.718374,-3.905645,-1.776925,5.42397,-.3669786,24.72263,-1.954299
"Alaska",2013,"Public Selective",-22.24323,-3.54458,-3.226218,-1.059673,6.221026,-.2618358,27.28326,-3.168758
"Alaska",2014,"Public Selective",-22.50619,-3.834878,-3.065293,-2.231042,6.533431,-.3483265,30.6901,-5.237803
"Alaska",2015,"Public Selective",-21.17396,-4.106747,-3.042947,-1.081804,7.769608,-.4746006,28.58646,-6.476006
"Alaska",2016,"Public Selective",-18.52195,-3.194716,-3.696877,-2.034911,8.725046,-.1967832,26.24753,-7.327336
"Alaska",2017,"Public Selective",-12.14842,-3.105126,-3.572173,-1.339102,7.759043,.1463561,14.49311,-2.233692
"Arizona",2009,"For-Profit",-21.9799,-27.35997,2.481619,-.8437937,-2.620889,,53.11118,-2.204197
"Arizona",2010,"For-Profit",-15.62203,-21.27724,7.572348,-1.672312,-2.188456,-.0084373,35.70547,-2.509348
"Arizona",2011,"For-Profit",-10.1166,-20.44949,11.32679,-.0235438,-2.298913,.1744465,22.6605,-1.273188
"Arizona",2012,"For-Profit",-5.789748,-19.03618,13.94151,.3279814,-2.249837,.2146478,13.40854,-.8169147
"Arizona",2013,"For-Profit",-1.543759,-16.85615,12.49044,.7196816,-2.23407,.2363306,8.108226,-.9206936
"Arizona",2014,"For-Profit",3.810759,-16.55218,12.23238,1.169178,-2.089828,.2558293,1.782345,-.6084828
"Arizona",2015,"For-Profit",5.393789,-14.60483,11.47421,.4178152,-1.998167,.3548667,-.5568062,-.4808763
"Arizona",2016,"For-Profit",6.704762,-14.51411,11.13195,.16994,-1.8713,.3974802,-1.610743,-.4079843
"Arizona",2017,"For-Profit",7.177316,-14.90225,10.92946,-.3866752,-1.764135,.4041918,-1.132709,-.3252029
"Arizona",2009,"Private More Selective",23.71682,-27.19131,-2.556525,4.523111,-2.069669,,6.281445,
"Arizona",2010,"Private More Selective",23.48992,-19.86437,-3.093539,3.354839,-2.06301,.2419039,-2.133058,.0673138
"Arizona",2011,"Private More Selective",18.76319,-20.76525,-3.342014,2.701089,-2.034289,.2173009,3.908247,.5517302
"Arizona",2012,"Private More Selective",16.02171,-22.39596,-3.420654,2.273235,-4.20128,.2057372,8.662597,2.854616
"Arizona",2013,"Private More Selective",15.57526,-24.87481,-3.61401,2.350067,-4.347237,.3891554,10.28293,4.23864
"Arizona",2014,"Private More Selective",13.8231,-27.3201,-3.65661,2.913543,-4.443339,.3371461,12.3044,6.041861
"Arizona",2015,"Private More Selective",16.26614,-29.21758,-3.262161,2.307372,-4.109944,.4116726,11.6368,5.967706
"Arizona",2016,"Private More Selective",18.87563,-29.81499,-3.173926,2.666975,-3.979592,.4562418,7.85668,7.112986
"Arizona",2017,"Private More Selective",21.33246,-28.27195,-3.125333,2.725143,-3.910791,.4140343,5.104762,5.731677
"Arizona",2009,"Private Non-Selective",6.641719,-20.64637,2.085135,-.8727905,-1.177317,,16.79187,-2.6705
"Arizona",2010,"Private Non-Selective",6.716895,-16.68564,2.657963,-1.021714,-.7797762,-.2449485,12.90913,-3.551907
"Arizona",2011,"Private Non-Selective",9.507569,-17.64538,3.184133,-1.654958,-1.407531,-.2034339,11.15947,-2.939864
"Arizona",2012,"Private Non-Selective",-10.98359,-22.38141,-1.017112,-2.377636,-.8268373,-.2196831,40.75223,-2.945952
"Arizona",2013,"Private Non-Selective",-1.966595,-19.13872,3.034064,-2.03458,-.540283,-.2212326,23.97323,-3.105888
"Arizona",2014,"Private Non-Selective",11.59656,-19.52374,3.167326,-2.145564,.1684469,.0293317,7.088712,-.3810792
"Arizona",2015,"Private Non-Selective",12.38237,-32.11168,4.135942,-2.518942,-.2408465,.3217865,17.88276,.1486029
"Arizona",2016,"Private Non-Selective",24.14088,-32.35353,3.872871,-1.707009,-.3722299,.0643749,6.039004,.3156335
"Arizona",2017,"Private Non-Selective",20.41402,-14.78072,4.413997,-1.818542,-.9475311,.2778068,-5.403149,-2.155881
"Arizona",2009,"Private Selective",41.04265,-28.27651,-1.932618,-.5671836,-1.886145,,-7.875369,-.3425431
"Arizona",2010,"Private Selective",39.4177,-22.85018,-1.814463,-1.438876,-1.644672,-.1597302,-10.56826,-.9415191
"Arizona",2011,"Private Selective",31.35819,-24.45611,-1.541681,-1.836463,-2.146962,.0440367,-1.303023,-.1179836
"Arizona",2012,"Private Selective",23.46156,-25.73741,-1.900127,-2.01354,-1.499952,.2715606,8.11734,-.6994235
"Arizona",2013,"Private Selective",20.92339,-22.9621,-2.227056,-1.597606,-1.921026,-.1327776,7.667266,.2499123
"Arizona",2014,"Private Selective",19.82932,-22.84927,.3589827,-1.346783,-1.135705,.237654,3.682903,1.222902
"Arizona",2015,"Private Selective",16.65513,-20.56952,3.174423,-1.686097,-1.358647,.2536758,1.646247,1.88479
"Arizona",2016,"Private Selective",15.49255,-18.36999,4.98935,-2.213725,-1.317487,.2660441,-1.518786,2.672044
"Arizona",2017,"Private Selective",11.3045,-17.09511,5.25533,-2.810372,-1.191413,.0544926,.5102679,3.972308
"Arizona",2009,"Public More Selective",22.5344,-18.99975,.7882986,4.070424,-1.377624,,-4.198666,
"Arizona",2010,"Public More Selective",21.11197,-13.0014,.5447176,3.219064,-1.19131,-.1132781,-8.259523,-2.310236
"Arizona",2011,"Public More Selective",16.52338,-14.5616,.3180701,2.994558,-1.398358,-.0157151,-3.044677,-.8156477
"Arizona",2012,"Public More Selective",15.53579,-14.6265,-.091036,2.964039,-1.732933,.0365216,-2.090622,.0047449
"Arizona",2013,"Public More Selective",14.48181,-15.92132,-1.408934,3.737072,-1.947921,.0356181,.6616545,.3620193
"Arizona",2014,"Public More Selective",12.49054,-16.03929,-1.424306,3.778065,-1.870027,.0237108,2.473587,.567718
"Arizona",2015,"Public More Selective",11.2984,-16.43362,-1.508528,3.736712,-1.864951,.0231446,4.28856,.4602854
"Arizona",2016,"Public More Selective",11.06679,-16.02914,-1.44157,3.823095,-1.911235,.0404621,4.244421,.2071791
"Arizona",2017,"Public More Selective",11.09958,-15.42979,-1.267554,3.985959,-1.868633,.0189335,3.436118,.025397
"Arizona",2013,"Public Non-Selective",18.51486,-15.97873,3.529937,.5597003,-2.127792,.324425,-5.300558,.4781556
"Arizona",2014,"Public Non-Selective",20.13802,-16.13405,2.693028,.5602252,-2.030735,.3252938,-5.964013,.4122294
"Arizona",2015,"Public Non-Selective",22.20501,-16.78694,1.681869,.4320996,-2.030934,.2638227,-6.31337,.5484384
"Arizona",2016,"Public Non-Selective",23.6082,-16.09853,1.049734,.4810981,-2.120257,.197071,-7.652964,.5356479
"Arizona",2017,"Public Non-Selective",24.01104,-16.06085,1.252409,.4590183,-2.002833,.1867945,-8.015572,.1699939
"Arizona",2009,"Public Selective",19.61797,-14.44179,-.9293435,2.557847,-1.356521,,-4.868262,-.3610469
"Arizona",2010,"Public Selective",17.97173,-9.468953,-.9692227,1.251135,-1.95488,.0586693,-6.602299,-.2861754
"Arizona",2011,"Public Selective",14.27746,-10.38361,-1.133519,1.466638,-2.392797,.0432773,-2.657239,.7797967
"Arizona",2012,"Public Selective",12.18154,-9.320023,-1.503329,1.181483,-2.803367,.045451,-1.0393,1.257544
"Arizona",2013,"Public Selective",11.27803,-8.207346,-1.163441,1.328423,-2.593338,.0742665,-1.602913,.8863228
"Arizona",2014,"Public Selective",10.52122,-7.612361,-.9734644,1.242573,-2.557599,.0720073,-1.695815,1.003434
"Arizona",2015,"Public Selective",10.25318,-7.780798,-.7877089,1.160339,-2.380278,.0746865,-1.46381,.9243936
"Arizona",2016,"Public Selective",9.241871,-6.731165,-.7793885,1.058635,-2.406828,.0479456,-1.366349,.9352791
"Arizona",2017,"Public Selective",8.989086,-6.298916,-.6063194,.8276219,-2.259215,.0471584,-1.466895,.7674792
"Arkansas",2009,"For-Profit",-35.01917,-5.758519,9.187899,-.6779945,.2848471,,34.03741,
"Arkansas",2010,"For-Profit",-35.19541,-5.75898,17.70242,-1.218309,-.0288211,-.0146362,25.8459,-1.332169
"Arkansas",2011,"For-Profit",-34.95169,-4.947696,17.27319,-1.341058,.0957812,.2032379,23.77492,-.1066941
"Arkansas",2012,"For-Profit",-33.00591,-5.570741,14.44669,-1.24073,-.0074934,.1926855,25.45726,-.2717633
"Arkansas",2013,"For-Profit",-31.21483,-2.34352,6.886776,-.6818914,.4927199,.374196,26.30776,.1787842
"Arkansas",2014,"For-Profit",-40.71151,-1.273905,44.46704,-1.125568,-.3550525,.6459267,-.9771706,-.669769
"Arkansas",2015,"For-Profit",-39.46962,-3.957925,46.08201,-1.198055,-.3887125,.6468627,-1.529772,-.1847914
"Arkansas",2016,"For-Profit",-41.846,-2.729524,46.16692,-1.199525,.6158044,-.0297167,-.1998119,-.7781439
"Arkansas",2017,"For-Profit",-42.70628,-5.163291,47.00833,-.6611531,.5410335,-.0361869,-.1465654,1.164111
"Arkansas",2009,"Private More Selective",17.13754,-4.183228,-16.91296,.1342029,.2647293,,4.556612,-.5158438
"Arkansas",2010,"Private More Selective",14.65551,-4.070194,-13.5719,-.3003871,-.0037997,-.1779273,3.596907,-.1282094
"Arkansas",2011,"Private More Selective",12.94845,-3.356479,-14.96325,-.0506223,.0820974,-.0625036,5.307965,.0943432
"Arkansas",2012,"Private More Selective",12.72845,-3.771429,-14.7244,-.1802821,-.0239193,-.1203404,5.909785,.1821324
"Arkansas",2013,"Private More Selective",12.45238,-3.504917,-14.76574,.1221227,.6010691,-.0924675,5.333994,-.1464451
"Arkansas",2014,"Private More Selective",12.23341,-3.151334,-14.56106,.3763519,.6652803,-.1015976,4.88131,-.3423545
"Arkansas",2015,"Private More Selective",12.6072,-2.976707,-14.54424,.0678069,.5910972,-.0846247,4.535646,-.1961787
"Arkansas",2016,"Private More Selective",12.34532,-3.497177,-14.55147,.0392513,.322304,-.1300334,4.907883,.563925
"Arkansas",2017,"Private More Selective",11.71261,-2.981812,-14.52964,.2147887,.455517,-.1101097,4.882982,.355666
"Arkansas",2009,"Private Non-Selective",-20.74888,-4.310644,-8.487712,.18364,-1.041135,,35.88041,-1.168827
"Arkansas",2010,"Private Non-Selective",-12.83582,-8.869559,.635083,-1.124558,-.3110757,-.3648168,25.19106,-2.320313
"Arkansas",2011,"Private Non-Selective",-7.559836,-6.809443,2.369447,.471344,-.2008736,-.2511286,13.39876,-1.418268
"Arkansas",2012,"Private Non-Selective",-15.9957,-6.561436,-5.617332,.821723,1.040004,-.3127724,24.64013,1.98538
"Arkansas",2013,"Private Non-Selective",-5.595613,-3.203146,-5.175205,-.1783809,1.954296,.2788806,10.76723,1.151936
"Arkansas",2014,"Private Non-Selective",-9.902448,1.513,-.7248685,-.5713288,1.027894,-.2489754,9.489,-.5822787
"Arkansas",2015,"Private Non-Selective",3.748047,-2.653247,-4.233523,-1.242421,1.699894,.150639,3.207373,-.6767604
"Arkansas",2016,"Private Non-Selective",2.494514,2.518074,-5.394213,-.9223446,1.831453,.4838848,.559368,-1.570732
"Arkansas",2017,"Private Non-Selective",-3.502673,.9515964,-1.166835,-1.608101,1.851114,.1866558,4.62904,-1.340798
"Arkansas",2009,"Private Selective",3.860397,-3.539784,-1.363753,-.6395568,.4596454,,2.651452,-1.342522
"Arkansas",2010,"Private Selective",4.255113,-4.548917,1.510325,-.9762536,.1071043,-.0502172,1.101145,-1.398301
"Arkansas",2011,"Private Selective",1.305862,-3.973727,2.038666,-.8654581,.3441055,.0176287,2.009805,-.8768798
"Arkansas",2012,"Private Selective",1.115397,-3.515739,1.927766,-.9136047,.2665919,.0516236,1.910032,-.8420699
"Arkansas",2013,"Private Selective",1.871576,-3.123858,.3912651,-.894545,.1099756,.0869442,2.501351,-.9427088
"Arkansas",2014,"Private Selective",.2332008,-2.582952,1.01731,-.8589138,.3412857,.0385331,2.755505,-.9439704
"Arkansas",2015,"Private Selective",.0196496,-2.431487,1.158963,-.9164068,.4119598,.0841498,2.948215,-1.275044
"Arkansas",2016,"Private Selective",-3.229137,-2.308774,4.051763,-.9524803,.0393647,.1128695,3.274388,-.9879925
"Arkansas",2017,"Private Selective",-7.732339,-2.091957,7.207259,-.8961102,.156729,.1277143,3.987431,-.7587293
"Arkansas",2009,"Public More Selective",9.881097,-8.208902,.8442256,.5745087,.5454585,,-2.111217,-.9627228
"Arkansas",2010,"Public More Selective",10.44295,-7.613072,1.722705,.2099916,.1775853,-.5155023,-4.092165,-.3325004
"Arkansas",2011,"Public More Selective",7.99787,-7.58831,1.223583,.2861786,.1244511,-.392314,-2.047806,.3963498
"Arkansas",2012,"Public More Selective",7.185179,-7.179165,1.351201,.4481411,-.0079284,-.5015684,-1.722294,.4264331
"Arkansas",2013,"Public More Selective",6.807083,-6.484078,1.102264,.0601824,.0852598,-.4825159,-1.669726,.5815286
"Arkansas",2014,"Public More Selective",5.939293,-6.201276,1.006303,.3160043,.1198705,-.373373,-1.19118,.3843578
"Arkansas",2015,"Public More Selective",6.317747,-6.027113,.9483821,-.0208413,.0244024,-.3042424,-1.082875,.144545
"Arkansas",2016,"Public More Selective",6.846338,-5.700812,.7981472,-.228869,-.0482855,-.4031308,-1.31841,.0550222
"Arkansas",2017,"Public More Selective",7.500005,-5.717305,.4514691,-.3311217,-.254262,-.3890225,-1.829703,.5699348
"Arkansas",2009,"Public Non-Selective",7.737981,-2.875082,-4.348088,.8388681,.4001257,,-.1235807,-1.479609
"Arkansas",2010,"Public Non-Selective",6.212976,-3.616216,-2.130795,.4476162,.2723142,-.0466645,-.581238,-.5579912
"Arkansas",2011,"Public Non-Selective",4.259532,-3.194018,-3.144448,.3618926,.4020196,.0372356,1.586636,-.3088512
"Arkansas",2012,"Public Non-Selective",3.874893,-3.598976,-2.168808,.8274835,.603945,-.1123086,-.665226,1.238999
"Arkansas",2013,"Public Non-Selective",1.882275,-2.75472,-2.009011,.7661121,.5794796,-.0822051,-.33191,1.949979
"Arkansas",2014,"Public Non-Selective",.3933955,-2.144927,-1.689966,.7633474,.5194961,-.0294627,.0792783,2.108838
"Arkansas",2015,"Public Non-Selective",-.6136876,-1.516318,-1.729968,.7148,.3557573,.0097134,.2368854,2.54282
"Arkansas",2016,"Public Non-Selective",-.7536091,-1.028745,-2.219143,.6539166,.3951335,-.0450955,-.0178151,3.01536
"Arkansas",2017,"Public Non-Selective",-.1047543,-2.105291,-1.820229,.7170724,.3297226,-.0828372,-.1036672,3.169983
"Arkansas",2009,"Public Selective",-4.989815,-3.60497,3.415694,.0084771,-.0829456,,5.67539,-.1673575
"Arkansas",2010,"Public Selective",-7.667156,-3.775773,8.180849,-.2830994,-.1826907,-.0945465,3.976163,-.1537475
"Arkansas",2011,"Public Selective",-7.248403,-3.725216,6.515232,.0009197,-.0069317,.0103324,4.592994,-.1389258
"Arkansas",2012,"Public Selective",-6.530992,-3.107805,5.31846,-.1098771,-.0601004,.0609518,4.090472,.3388902
"Arkansas",2013,"Public Selective",-6.106156,-2.709936,4.274066,-.1371898,.0197863,.0585968,3.958741,.6420913
"Arkansas",2014,"Public Selective",-5.852429,-2.214134,4.179759,.0152361,.0608195,.077891,3.06805,.6648107
"Arkansas",2015,"Public Selective",-5.36288,-2.10715,3.591514,-.1127754,.083038,.0449274,3.241452,.621873
"Arkansas",2016,"Public Selective",-5.200151,-1.815183,2.947656,.0155012,.0463376,.0467901,3.469773,.4892738
"Arkansas",2017,"Public Selective",-4.221508,-1.589802,2.143244,.1809517,.0323229,.0249242,3.084069,.3457993
"California",2009,"For-Profit",-7.176747,-16.10365,2.118685,-4.079085,-.0124072,,28.88354,-3.167167
"California",2010,"For-Profit",-2.737843,-15.13956,2.924204,-5.685976,-.1679484,.4483663,23.87608,-3.517323
"California",2011,"For-Profit",-6.242361,-13.02967,3.331668,-6.300837,-.0624464,.5723161,24.20551,-2.47419
"California",2012,"For-Profit",-5.974227,-12.23141,3.37483,-3.77153,-.1124711,.8333116,19.96952,-2.08802
"California",2013,"For-Profit",-5.550708,-13.43393,2.824991,-2.618283,-.2105357,.9898445,20.03105,-2.032427
"California",2014,"For-Profit",13.22738,-23.68699,17.54598,-4.584212,.1233182,.6523307,-1.662749,-1.615071
"California",2015,"For-Profit",13.962,-24.17893,17.70705,-3.843458,.1854627,.6732062,-3.246393,-1.258933
"California",2016,"For-Profit",13.77312,-24.98117,18.92572,-3.4996,.1098335,.6428053,-3.985681,-.9850284
"California",2017,"For-Profit",12.94464,-25.0252,18.78873,-3.325184,.0936663,.7904211,-3.522315,-.7447645
"California",2009,"Private More Selective",20.40985,-21.57642,-.5209184,7.257981,.4538309,,-2.40129,-1.581502
"California",2010,"Private More Selective",23.18654,-20.30643,-1.457481,4.599507,-.239541,.0787573,-5.994418,.1330651
"California",2011,"Private More Selective",20.25534,-20.99786,-1.671223,4.471902,-.0860242,-.0184229,-3.478843,1.525133
"California",2012,"Private More Selective",19.53732,-20.70303,-1.939993,4.706363,-.170226,-.12419,-2.773535,1.467299
"California",2013,"Private More Selective",18.77862,-20.88664,-1.961041,5.023747,-.2370648,-.1172237,-2.336766,1.736367
"California",2014,"Private More Selective",18.28999,-21.30403,-1.978925,5.141415,-.2370521,-.0760892,-1.735803,1.900494
"California",2015,"Private More Selective",18.81227,-21.42792,-1.855417,5.174784,-.2913033,-.067811,-2.298148,1.95355
"California",2016,"Private More Selective",18.86675,-21.39054,-1.567752,5.280797,-.3306292,-.0306646,-2.603373,1.775413
"California",2017,"Private More Selective",19.12286,-21.01394,-1.323757,5.136757,-.3725261,-.0178332,-3.493136,1.961581
"California",2009,"Private Non-Selective",14.85459,-15.37218,2.111879,3.087657,.173959,,-2.115372,-1.77074
"California",2010,"Private Non-Selective",16.84236,-15.02099,2.86099,1.728285,-.0068614,.7880682,-4.668772,-2.523074
"California",2011,"Private Non-Selective",14.15569,-14.92653,3.240694,1.324415,.0840778,.8398064,-3.939731,-.778424
"California",2012,"Private Non-Selective",13.17952,-13.37481,3.044036,.604386,.0555828,.856263,-4.064229,-.3007471
"California",2013,"Private Non-Selective",12.76233,-12.01208,2.545738,.8771322,.0062935,.8945205,-5.029048,-.0448815
"California",2014,"Private Non-Selective",11.79692,-10.93839,2.458221,1.211687,-.0887034,.9311306,-5.509285,.138423
"California",2015,"Private Non-Selective",11.35018,-10.33441,2.515588,1.047948,-.1551562,.8907616,-5.683972,.3690632
"California",2016,"Private Non-Selective",11.14425,-10.61552,2.442554,1.29157,-.137065,.73471,-5.316613,.4561086
"California",2017,"Private Non-Selective",11.8966,-11.35543,2.14067,.8473073,-.1299994,.6954067,-4.412282,.317722
"California",2009,"Private Selective",21.49976,-17.24353,-.2537367,1.140897,.1925399,,-2.130993,-2.57225
"California",2010,"Private Selective",22.21744,-15.76269,-.2109566,-.0367237,-.0661528,.3421762,-3.379481,-3.103604
"California",2011,"Private Selective",19.74659,-14.81427,-.6375275,-.6181477,-.0516485,.4056297,-3.035568,-.9950539
"California",2012,"Private Selective",17.53374,-13.07475,-.6157346,-.5065547,-.184849,.3788849,-3.270879,-.2598627
"California",2013,"Private Selective",16.95638,-12.69987,-.8802115,-.2690181,-.152885,.334926,-3.319022,.0297024
"California",2014,"Private Selective",15.49966,-12.50029,-.8323792,-.1892945,-.1869281,.3740337,-2.51349,.3486895
"California",2015,"Private Selective",14.61295,-11.73138,-.8224408,.2220266,-.1901327,.4320204,-3.157297,.6342512
"California",2016,"Private Selective",13.84308,-10.60125,-.7856706,.1867872,-.2021479,.4662825,-3.545978,.6389003
"California",2017,"Private Selective",13.21104,-9.536307,-.4429038,.3134252,-.1875636,.4263418,-4.438845,.6548131
"California",2009,"Public More Selective",8.302883,-19.20398,-2.346149,23.52015,-.0632157,,-6.503016,
"California",2010,"Public More Selective",10.18844,-18.33503,-2.450386,21.87786,-.3431826,-.0404464,-8.119913,-2.777337
"California",2011,"Public More Selective",7.565029,-18.12351,-2.88388,20.10755,-.3328007,-.0827564,-5.856128,-.3935059
"California",2012,"Public More Selective",6.539743,-17.49394,-3.196384,19.37529,-.4066373,-.086001,-5.149661,.4175951
"California",2013,"Public More Selective",5.776151,-17.22794,-3.361309,18.46023,-.4742529,-.0729353,-4.061633,.9616873
"California",2014,"Public More Selective",4.860662,-16.63184,-3.401968,17.73691,-.48697,-.0851199,-2.965812,.9741375
"California",2015,"Public More Selective",4.306711,-16.76586,-3.307579,17.21415,-.4947224,-.0833492,-1.731406,.862058
"California",2016,"Public More Selective",3.942923,-16.12093,-3.145072,16.59756,-.483478,-.1006457,-1.431538,.7411876
"California",2017,"Public More Selective",3.907595,-15.88661,-3.048342,15.98076,-.4938309,-.1221838,-1.307814,.9704284
"California",2009,"Public Non-Selective",-.5366942,-.7521778,3.837385,3.301785,-.21809,,-2.191024,
"California",2010,"Public Non-Selective",-.039255,1.447566,2.828392,2.077118,-.4709655,.0709896,-3.723644,-2.1902
"California",2011,"Public Non-Selective",-1.04182,3.631134,2.174609,1.591383,-.3377522,.0098616,-5.007493,-1.019923
"California",2012,"Public Non-Selective",-1.964165,5.333043,1.254974,1.237932,-.3671562,.0760213,-4.715844,-.8548052
"California",2013,"Public Non-Selective",-2.998844,7.292421,.9069912,1.454585,-.391723,.0142468,-5.318454,-.9592236
"California",2014,"Public Non-Selective",-3.525566,8.369792,.3109274,1.36746,-.3896901,-.0356348,-5.077829,-1.019458
"California",2015,"Public Non-Selective",-4.512372,10.05666,-.1772781,1.323927,-.4388621,-.144407,-5.133001,-.9746674
"California",2016,"Public Non-Selective",-5.065645,11.49249,-.4201441,1.000403,-.4671287,-.1259629,-5.334479,-1.079532
"California",2017,"Public Non-Selective",-5.298242,12.94953,-.5697277,.3415272,-.4797036,-.1370424,-5.700648,-1.105692
"California",2009,"Public Selective",2.152875,-7.723981,-.3718576,10.23007,-.1546937,,-.0708573,
"California",2010,"Public Selective",4.830126,-5.919661,-.7879314,8.955889,-.3856484,.1242842,-4.994888,-1.82217
"California",2011,"Public Selective",1.368185,-5.56463,-1.10191,8.706977,-.286325,.0362645,-2.825769,-.3327912
"California",2012,"Public Selective",.0002672,-4.003552,-1.251718,8.742565,-.3440203,.0339579,-3.071286,-.1062122
"California",2013,"Public Selective",-1.556082,-2.336563,-1.433247,8.959469,-.3925443,.0112761,-3.155986,-.0963223
"California",2014,"Public Selective",-2.82476,-.85969,-1.574616,8.803495,-.4221681,.0075093,-2.933336,-.1964332
"California",2015,"Public Selective",-3.848417,.9842495,-1.58095,8.556587,-.4777668,-.0855988,-3.300511,-.247593
"California",2016,"Public Selective",-4.585279,2.355584,-1.467244,8.151345,-.4698701,-.087374,-3.500501,-.3966601
"California",2017,"Public Selective",-5.033435,3.361679,-1.418977,7.683108,-.4786957,-.0850633,-3.587114,-.4415023
"Colorado",2009,"For-Profit",-18.32904,-12.6494,1.435264,.0054649,-.039088,,32.54679,-2.427862
"Colorado",2010,"For-Profit",-14.94924,-10.7277,1.59873,-.7032827,-.4471588,.0749107,27.04675,-1.893009
"Colorado",2011,"For-Profit",-18.08891,-10.90287,1.998121,-.5115225,-.153679,.3373796,28.92118,-1.599697
"Colorado",2012,"For-Profit",-16.84454,-11.64992,2.09922,-.5767495,-.1163726,.4074298,27.98587,-1.304942
"Colorado",2013,"For-Profit",-14.07954,-11.03553,3.071966,-.7512948,-.0318125,.2971362,24.3417,-1.812627
"Colorado",2014,"For-Profit",-8.889908,-11.94577,3.345351,-.6168408,.6461479,.4479496,19.56715,-2.55408
"Colorado",2015,"For-Profit",-1.800232,-11.5504,4.30666,-.0759096,.5551544,.5295881,10.20202,-2.166884
"Colorado",2016,"For-Profit",-13.17648,-18.26128,24.08364,-1.998289,.280759,.3059908,9.474058,-.7084028
"Colorado",2017,"For-Profit",-16.18209,-20.49104,20.6203,-2.148045,.2739445,.2889005,18.31998,-.6819478
"Colorado",2009,"Private More Selective",9.758924,-14.65259,-1.398383,2.634193,-.0176912,,5.76992,-1.46507
"Colorado",2010,"Private More Selective",13.58779,-14.12799,-1.821193,1.557416,-.4057242,-.0941277,2.279593,-.9757645
"Colorado",2011,"Private More Selective",10.23909,-14.23372,-2.122307,1.309989,-.4178085,-.042563,5.392699,-.1253832
"Colorado",2012,"Private More Selective",10.02378,-14.66207,-1.885825,1.21809,-.4751306,-.1030061,5.827072,.0570883
"Colorado",2013,"Private More Selective",10.04016,-14.24705,-2.177263,1.392642,-.4573307,-.0964755,5.464188,.0811323
"Colorado",2014,"Private More Selective",9.187072,-14.33326,-2.254747,1.480074,-.5056682,-.0864687,6.305209,.2077872
"Colorado",2015,"Private More Selective",8.843104,-14.0112,-2.452032,1.536632,-.5179712,-.1224565,6.239366,.4845556
"Colorado",2016,"Private More Selective",11.21246,-14.43996,-2.769686,1.250082,-.5566643,-.166227,5.199914,.2700774
"Colorado",2017,"Private More Selective",11.40208,-14.25949,-2.835659,.838025,-.6395236,-.1732691,4.6226,1.04523
"Colorado",2009,"Private Non-Selective",6.394768,-12.21802,2.14962,1.32449,.3065872,,5.295833,-2.142886
"Colorado",2010,"Private Non-Selective",10.54203,-10.86426,1.126127,1.104329,.007615,-.0776082,1.435691,-3.273921
"Colorado",2011,"Private Non-Selective",6.503067,-8.86426,1.275938,1.234992,-.1809578,-.006286,2.3131,-2.275597
"Colorado",2012,"Private Non-Selective",3.126554,-7.832367,1.176218,1.25107,-.2829291,-.001541,4.581711,-2.018718
"Colorado",2013,"Private Non-Selective",5.849497,-7.107249,.8825622,.8019986,-.2284694,.0793252,1.67927,-1.956932
"Colorado",2014,"Private Non-Selective",2.95517,-7.103164,.3463345,.8325894,-.3162342,.0358553,4.941273,-1.691828
"Colorado",2015,"Private Non-Selective",2.979563,-6.454421,.2319722,1.297565,-.2892519,-.0013371,3.278415,-1.042507
"Colorado",2016,"Private Non-Selective",2.578665,-5.88951,.0674071,1.34962,-.438719,.0421166,3.215711,-.9252931
"Colorado",2017,"Private Non-Selective",-2.033149,-6.379405,-.7571546,1.00387,-.406187,-.0113783,9.183794,-.6003891
"Colorado",2009,"Private Selective",8.530462,-14.72082,.1673077,-.3017613,.3250018,,9.415196,
"Colorado",2010,"Private Selective",6.879965,-14.11861,-.111075,-.9925877,-.1955224,-.1138057,11.80523,-3.153592
"Colorado",2011,"Private Selective",5.879849,-13.02345,1.147413,-1.392832,-.0494618,.0652737,9.718398,-2.345195
"Colorado",2012,"Private Selective",8.27018,-11.16293,.770079,-1.576841,-.029456,.028103,5.451291,-1.750424
"Colorado",2013,"Private Selective",8.657413,-11.21065,3.092166,-1.421853,-.2132724,.1660375,1.829563,-.899411
"Colorado",2014,"Private Selective",10.01022,-11.68431,3.65133,-1.479116,-.3175122,.0069758,-.3955517,.2079598
"Colorado",2015,"Private Selective",8.450055,-11.24934,5.123336,-1.770431,-.2335033,.118739,-.5580716,.1192228
"Colorado",2016,"Private Selective",6.561483,-10.21889,7.142127,-1.776003,-.2631126,.1536777,-1.205179,-.3940986
"Colorado",2017,"Private Selective",6.478115,-10.20045,7.570038,-2.092026,-.1232947,.166335,-1.761927,-.0367829
"Colorado",2009,"Public More Selective",15.35006,-14.74065,-1.472191,2.725452,.389435,,1.086143,
"Colorado",2010,"Public More Selective",19.19871,-13.96253,-2.241139,1.53633,-.4526279,-.0526203,-1.626303,-2.399819
"Colorado",2011,"Public More Selective",15.57176,-13.63403,-2.272141,1.225782,-.4125918,.0143498,1.050882,-1.544011
"Colorado",2012,"Public More Selective",14.81042,-13.21021,-2.528479,.8746642,-.4851019,-.0450347,1.407351,-.8236122
"Colorado",2013,"Public More Selective",14.2793,-12.98163,-2.483518,.8476071,-.6087276,-.0406906,1.409998,-.4223327
"Colorado",2014,"Public More Selective",13.72521,-12.62805,-2.553278,1.025454,-.5282125,-.05543,1.483867,-.4695671
"Colorado",2015,"Public More Selective",12.71956,-12.58134,-2.62379,1.057113,-.3981026,-.0554185,2.574702,-.6927271
"Colorado",2016,"Public More Selective",11.93027,-12.04649,-2.668855,.9833252,-.5020991,-.0477769,2.363909,-.0122901
"Colorado",2017,"Public More Selective",11.64852,-11.80392,-2.729928,.9698807,-.5116704,-.0759945,1.916572,.5865417
"Colorado",2009,"Public Non-Selective",1.343071,-5.654213,1.407207,2.049839,.2241518,,4.091063,
"Colorado",2010,"Public Non-Selective",10.6636,-8.009351,.8580277,.7405196,-.3312469,.5352876,-3.026719,-1.430122
"Colorado",2011,"Public Non-Selective",5.286813,-7.266892,.8665469,.7024778,-.5249394,.6693074,.28487,-.0181794
"Colorado",2012,"Public Non-Selective",5.736613,-8.29596,.7423593,.9151843,-.5348904,.4448928,.6923229,.2994837
"Colorado",2013,"Public Non-Selective",3.921527,-7.314669,.9509972,.8647435,-.7322177,.3550435,.6969247,1.257653
"Colorado",2014,"Public Non-Selective",3.720737,-6.338777,.997067,.7075059,-.7008482,.3217207,-.1205847,1.413182
"Colorado",2015,"Public Non-Selective",2.251232,-4.529017,.815275,.4819645,-.7008175,.2438659,-.0625916,1.500089
"Colorado",2016,"Public Non-Selective",1.146203,-3.249764,.8316979,.5229833,-.7576421,.3301469,-.2328053,1.40918
"Colorado",2017,"Public Non-Selective",1.242626,-3.434913,.873226,.3487219,-.5878769,.2862664,-.1413021,1.41325
"Colorado",2009,"Public Selective",4.156163,-8.820749,1.055556,2.312451,1.393736,,3.319391,
"Colorado",2010,"Public Selective",6.863843,-6.948043,.9078583,1.491634,.8218405,-.0583019,-.6103956,-2.468434
"Colorado",2011,"Public Selective",2.528544,-6.204511,.642664,1.141704,.8387776,.0384863,2.280843,-1.266509
"Colorado",2012,"Public Selective",.7498136,-5.48243,.4435564,1.048226,.7731687,.0730563,3.21337,-.8187602
"Colorado",2013,"Public Selective",.350025,-4.847289,.3127231,.9760733,.8404427,.1039604,2.710823,-.4467566
"Colorado",2014,"Public Selective",-.3796185,-3.981327,.2335732,1.002905,.799194,.0581888,2.153698,.1133872
"Colorado",2015,"Public Selective",-.9930455,-3.532845,.149429,1.022528,.9106859,.0227562,2.027879,.3926131
"Colorado",2016,"Public Selective",-1.416788,-2.492586,.1676854,1.037221,.8519456,.0471717,1.11305,.692301
"Colorado",2017,"Public Selective",-1.648874,-1.525828,.1313419,.9332114,.6925995,-.0052915,.2797299,1.143111
"Connecticut",2009,"For-Profit",-24.79189,-7.446773,5.20026,-1.894026,.0640169,,31.20366,
"Connecticut",2010,"For-Profit",-18.72473,-8.496776,4.282568,-2.478555,.0667483,-.0280544,28.15899,-2.780189
"Connecticut",2011,"For-Profit",-39.61574,-13.05179,-3.647362,-3.243593,-.0854599,-.0384189,62.17656,-2.494191
"Connecticut",2012,"For-Profit",-19.24804,-8.701959,8.967515,-2.77217,.2568133,.2861529,22.66096,-1.449278
"Connecticut",2013,"For-Profit",-25.74485,-11.28387,3.71551,-3.005275,.1462342,.2314903,37.70338,-1.762617
"Connecticut",2014,"For-Profit",-20.08917,-10.8163,7.766903,-2.8324,.2453138,.2466219,26.1066,-.6275725
"Connecticut",2015,"For-Profit",-16.03341,-10.77382,8.798861,-2.906769,.1644452,.2744987,19.83512,.6410673
"Connecticut",2016,"For-Profit",-15.06637,-10.40405,12.45051,-3.168681,.4295294,.3343254,13.59697,1.827777
"Connecticut",2017,"For-Profit",-15.16213,-10.3666,12.67056,-3.167899,.5216115,.4279498,13.87314,1.20337
"Connecticut",2009,"Private More Selective",1.097816,-7.284566,-5.404169,4.010784,.3176422,,9.597736,
"Connecticut",2010,"Private More Selective",-.1220114,-9.850108,-7.175458,2.582565,-.1207994,-.0132676,15.23789,-.5388104
"Connecticut",2011,"Private More Selective",1.843921,-8.978661,-6.483382,2.85591,-.0163214,-.0055233,10.6756,.1084589
"Connecticut",2012,"Private More Selective",6.990876,-8.201689,-6.721102,2.961008,-.0122379,.0038424,4.728476,.2508252
"Connecticut",2013,"Private More Selective",7.702348,-8.377941,-6.736651,2.961282,-.0698238,.0164059,4.51914,-.0147595
"Connecticut",2014,"Private More Selective",8.328405,-8.432418,-6.886957,2.926532,.0192513,-.0035016,4.101994,-.0533062
"Connecticut",2015,"Private More Selective",8.781857,-8.434835,-6.822927,2.997775,-.0588671,.0077506,3.760205,-.2309577
"Connecticut",2016,"Private More Selective",9.076035,-8.304044,-7.012589,2.796916,-.0998964,.0240816,3.923797,-.4043002
"Connecticut",2017,"Private More Selective",8.742832,-7.960869,-6.874067,3.127329,-.0725555,-.0039625,3.376335,-.3350432
"Connecticut",2009,"Private Non-Selective",-31.56128,-.0039264,24.18243,-.0602454,.1307836,,9.647477,
"Connecticut",2010,"Private Non-Selective",-27.15568,.5778509,24.43882,-.1220283,.1556402,-.0590237,1.298221,.8661965
"Connecticut",2011,"Private Non-Selective",-28.37693,1.631443,24.31941,-1.007223,-.1271119,.0543447,2.577467,.9286022
