fips_ipeds,year,twocat,dif_white,dif_hispa,dif_black,dif_asian,dif_amind,dif_pacis,dif_othra,dif_twora
"Alabama",2009,"For-Profit 2-year",-36.12381,-1.917439,18.30886,-.6465573,-.175997,,21.1814,-.5282984
"Alabama",2010,"For-Profit 2-year",-36.3316,-3.119881,11.65203,-1.112077,-.2992764,-.0547557,29.57379,-.3082194
"Alabama",2011,"For-Profit 2-year",-38.71402,-3.128464,19.29054,-1.136771,-.3448353,-.0196294,24.28204,-.2288634
"Alabama",2012,"For-Profit 2-year",-38.63966,-3.412885,17.3539,-1.142596,-.2448224,.0027692,26.2067,-.1234012
"Alabama",2013,"For-Profit 2-year",-38.45548,-3.313243,19.93671,-1.197535,-.1322467,.0200917,23.0092,.1325019
"Alabama",2014,"For-Profit 2-year",-37.34964,-2.952535,23.32329,-1.285578,-.1191274,.4672658,18.04322,-.1268928
"Alabama",2015,"For-Profit 2-year",-36.11304,-2.521126,24.57579,-1.239859,-.1243279,.019882,15.53186,-.1291807
"Alabama",2016,"For-Profit 2-year",-39.00834,-2.350122,22.00301,-1.419812,-.1753027,.0188748,20.8379,.0937894
"Alabama",2017,"For-Profit 2-year",-39.05271,-2.161428,22.92572,-1.547198,-.1523568,.3041552,18.63529,1.048529
"Alabama",2009,"Public 2-year",-2.281495,-.9569721,1.431807,-.0498351,.4245524,,1.681968,-.0847976
"Alabama",2010,"Public 2-year",-.509491,-2.05237,2.221195,-.4277148,.2800825,.0212782,.6630917,-.1960726
"Alabama",2011,"Public 2-year",-2.608226,-1.623809,2.434497,-.300618,.2884392,.058441,1.699898,.0513771
"Alabama",2012,"Public 2-year",-3.1436,-1.913751,1.721055,-.1909041,.4281006,.0600197,3.27596,-.2368798
"Alabama",2013,"Public 2-year",-1.998538,-1.56706,1.848858,-.1677046,.348623,.0575698,1.237348,.2409052
"Alabama",2014,"Public 2-year",-2.130437,-1.200942,1.466959,-.0467468,.3733898,.0451971,1.125904,.3666757
"Alabama",2015,"Public 2-year",-1.864683,-1.020396,1.176858,.0029525,.3637932,.0379203,.8846477,.4189086
"Alabama",2016,"Public 2-year",-2.041895,-.7490047,1.14558,-.0567826,.3289055,.034662,.7497218,.5888119
"Alabama",2017,"Public 2-year",-2.041327,-.378992,1.070964,-.1791054,.2989099,.0223515,.5590278,.6481705
"Alaska",2009,"For-Profit 2-year",-20.42072,9.033684,1.309977,3.678668,4.611759,,8.524343,
"Alaska",2010,"For-Profit 2-year",-28.69288,19.87421,2.055381,-2.94684,-.3846154,.8606021,13.79773,-4.563595
"Alaska",2011,"For-Profit 2-year",-29.19554,17.59703,.7901123,-1.213858,3.150697,.7368221,12.4275,-4.292763
"Alaska",2012,"For-Profit 2-year",-26.74632,21.86985,1.322544,.7772999,2.165623,.0975139,1.851811,-1.338321
"Alaska",2013,"For-Profit 2-year",-23.70177,22.55548,.0351792,-2.366803,-.584722,3.767083,.9387822,-.6432248
"Alaska",2014,"For-Profit 2-year",-22.30529,21.31168,1.63677,-2.606977,-.9068344,3.478119,2.063245,-2.670721
"Alaska",2015,"For-Profit 2-year",-21.55822,19.64777,1.006821,.7587264,.3405001,-1.317786,4.306444,-3.184257
"Alaska",2016,"For-Profit 2-year",-19.28161,1.406714,6.226982,12.74935,8.591179,-2.113815,-.881502,-6.697293
"Alaska",2017,"For-Profit 2-year",-20.4152,2.850009,3.904873,12.38804,7.07903,-1.347973,-1.624744,-2.834037
"Alaska",2009,"Public 2-year",-10.96468,-2.439024,-1.246825,-10.67836,34.82825,,-.9841678,
"Alaska",2010,"Public 2-year",-7.394481,-.8157467,-.2069806,-3.530844,18.66883,-.3530843,-.2069806,-6.160714
"Alaska",2011,"Public 2-year",-11.61969,-2.609942,.1684971,8.968286,14.42151,-.8861541,-1.746725,-6.695779
"Alaska",2012,"Public 2-year",-4.01208,-3.3267,.1962203,-.8015811,17.76768,-.6394556,-.228228,-8.955857
"Alaska",2013,"Public 2-year",-4.59185,-1.097903,-1.64431,-1.806365,20.36382,-1.760549,-.2893237,-9.173517
"Alaska",2014,"Public 2-year",2.670154,-3.893259,.4540159,-1.230869,8.495533,.9791381,-.481396,-6.993319
"Alaska",2015,"Public 2-year",4.367094,-3.658869,2.332906,-4.002251,9.769553,-5.026014,2.5597,-6.342117
"Alaska",2016,"Public 2-year",.7236391,-1.101449,.4837582,-6.134932,2.846575,10.49275,-.9195402,-6.390805
"Alaska",2017,"Public 2-year",-.7960774,-.5888872,-.9750152,5.871697,4.328841,-1.015456,-.8226691,-6.002438
"Arizona",2009,"For-Profit 2-year",-5.561298,-6.452329,6.907777,-.2022443,2.630401,,3.113929,-.0222777
"Arizona",2010,"For-Profit 2-year",-3.390581,-3.079291,7.492385,-1.810585,2.193793,.393119,-1.481313,-.3175277
"Arizona",2011,"For-Profit 2-year",-6.472481,-3.146843,5.470831,-1.896646,2.347981,.3966298,2.452731,.8477989
"Arizona",2012,"For-Profit 2-year",-7.135656,-2.304753,5.286078,-1.894412,2.483767,.480145,2.029589,1.055241
"Arizona",2013,"For-Profit 2-year",-10.48295,-3.43909,7.404102,-1.978108,2.767559,.5420542,4.196023,.9904087
"Arizona",2014,"For-Profit 2-year",-12.05521,-2.504718,9.606744,-1.978909,2.122653,.4678834,3.651124,.6904357
"Arizona",2015,"For-Profit 2-year",-10.8072,1.523677,3.135676,-1.664047,2.971176,.6370629,3.196553,1.007102
"Arizona",2016,"For-Profit 2-year",-7.997016,2.902236,3.177002,-1.318324,2.454425,.6699412,-1.227899,1.339635
"Arizona",2017,"For-Profit 2-year",-6.581905,1.016131,4.666628,-1.418322,2.821629,.6480456,-3.227846,2.075639
"Arizona",2009,"Public 2-year",1.961016,-6.600034,2.445998,.7506886,1.796456,,1.631177,-2.102835
"Arizona",2010,"Public 2-year",2.898268,-2.862716,2.561149,-.1707907,1.627598,.0136752,-2.634244,-1.43294
"Arizona",2011,"Public 2-year",-1.303481,-2.908844,3.173043,-.2924288,1.80976,.1050254,-.2277988,-.3552763
"Arizona",2012,"Public 2-year",-3.007805,-1.348449,2.851896,-.4869595,1.709393,.1249106,.4328322,-.2758185
"Arizona",2013,"Public 2-year",-3.551601,.1923532,2.24222,-.4746969,1.447461,.1227689,.282989,-.2614928
"Arizona",2014,"Public 2-year",-3.994455,1.669306,1.912426,-.4520624,1.371942,.1370499,-.4788349,-.1653727
"Arizona",2015,"Public 2-year",-4.89355,2.896181,1.683021,-.5870001,1.301695,.1457173,-.3661316,-.1799318
"Arizona",2016,"Public 2-year",-5.15649,4.218542,1.467853,-.6342293,1.322794,.1627206,-1.154224,-.2269664
"Arizona",2017,"Public 2-year",-6.737702,6.958405,1.344488,-.7996971,1.245776,.1416639,-2.150533,-.0023997
"Arkansas",2009,"For-Profit 2-year",-13.38527,-.9270062,16.75752,.0163591,-.2080017,,-1.298486,-.9354055
"Arkansas",2010,"For-Profit 2-year",-14.11696,-1.791297,19.41169,-.4628471,.0798229,.1028078,-2.055429,-1.167777
"Arkansas",2011,"For-Profit 2-year",-21.59924,-1.789001,23.75129,-.6416543,-.0213499,.1916473,-.1939203,.3022278
"Arkansas",2012,"For-Profit 2-year",-18.87373,-2.124816,21.02793,-.5281374,.413384,-.0339953,1.035616,-.9162472
"Arkansas",2013,"For-Profit 2-year",-16.73763,-1.414114,19.40544,-.7842681,.5446741,-.0266604,-.0777029,-.9097424
"Arkansas",2014,"For-Profit 2-year",-21.26609,.0620734,20.56427,-.0763604,1.346125,-.02333,-.3572306,-.2494574
"Arkansas",2015,"For-Profit 2-year",-17.67456,-.5882848,14.81848,-.2190585,1.572373,-.0315604,.0118302,2.110782
"Arkansas",2009,"Public 2-year",.9527085,-3.375936,1.741856,.4376396,.5420879,,.147632,.0990916
"Arkansas",2010,"Public 2-year",.8325042,-2.839335,4.799251,-.0066283,.3264579,-.1508768,-2.844887,-.116486
"Arkansas",2011,"Public 2-year",-1.994109,-2.505067,5.462718,-.0418583,.5611497,-.0418058,-1.633018,.1919896
"Arkansas",2012,"Public 2-year",-2.622664,-2.139199,5.384529,-.3564289,.2377797,-.0882157,-1.106297,.6904949
"Arkansas",2013,"Public 2-year",-2.62423,-1.782597,4.35081,-.46989,.1701704,-.1641992,-.4877449,1.007681
"Arkansas",2014,"Public 2-year",-2.60135,-.9677139,3.611813,-.5003966,.1157237,-.1616918,-.6940435,1.19766
"Arkansas",2015,"Public 2-year",-2.288777,-.703451,2.62007,-.5161968,.2194174,-.1631442,-.5138547,1.345937
"Arkansas",2016,"Public 2-year",-2.166699,-.4499715,2.096115,-.2301545,.2530708,-.1912774,-.6535509,1.342468
"Arkansas",2017,"Public 2-year",-1.545013,-.9163851,2.507273,-.5059273,.2257528,-.2158695,-.6954072,1.145576
"California",2009,"For-Profit 2-year",-7.881096,2.135509,3.916175,-1.550366,.4640771,,4.170391,-.4467209
"California",2010,"For-Profit 2-year",-6.889969,.549579,2.127151,-4.421179,-.0868334,.7269188,9.490263,-1.495931
"California",2011,"For-Profit 2-year",-6.605055,5.64171,3.074106,-4.255828,.1294466,1.455612,.3051274,.2548812
"California",2012,"For-Profit 2-year",-6.053998,1.981226,5.269499,-4.37562,.0796544,1.017273,1.837942,.2440234
"California",2013,"For-Profit 2-year",-5.859474,2.145844,5.71355,-4.195447,.1412375,1.126941,.4225315,.5048175
"California",2014,"For-Profit 2-year",-5.454823,2.499597,5.721884,-3.738677,.1322104,.9189165,-.5995926,.5204853
"California",2015,"For-Profit 2-year",-3.475517,.1254503,6.164104,-2.717021,.1442269,.803058,-2.509442,1.46514
"California",2016,"For-Profit 2-year",-3.612543,.1964563,3.892873,-1.718116,.1142767,.8817921,-.245932,.4911923
"California",2017,"For-Profit 2-year",-6.74969,3.339699,3.181035,-1.913879,.0466807,1.027128,.7474696,.3215563
"California",2009,"Public 2-year",-2.350547,-1.614637,1.814952,1.91251,.0695008,,1.77977,-1.232035
"California",2010,"Public 2-year",2.506764,1.597064,2.420224,.8383021,-.1627602,.2631248,-6.139954,-1.322765
"California",2011,"Public 2-year",-.4825164,3.262668,2.215611,.2190174,-.1054446,.1736861,-5.526508,.2434861
"California",2012,"Public 2-year",-1.213607,5.600877,1.880337,-.1175422,-.1775698,.1421173,-6.643376,.5287633
"California",2013,"Public 2-year",-2.087424,7.267175,1.890062,-.4224787,-.2016693,.1052413,-7.263911,.7130036
"California",2014,"Public 2-year",-2.678816,8.730758,1.623991,-.7187971,-.1955746,.066052,-7.634731,.8071182
"California",2015,"Public 2-year",-3.299476,10.09385,1.318301,-.8796652,-.1655402,.0558839,-7.931438,.808081
"California",2016,"Public 2-year",-3.040006,10.78034,1.042275,-.8474665,-.1734214,.0494783,-8.456693,.6454906
"California",2017,"Public 2-year",-3.181143,11.48615,.8484488,-1.074371,-.1647904,.055813,-8.655057,.6849536
"Colorado",2009,"For-Profit 2-year",-9.455387,4.575448,6.268435,-.4625378,.3837132,,.0545353,-1.095292
"Colorado",2010,"For-Profit 2-year",-5.164945,4.175202,3.935425,-1.569667,.3364938,.1596107,-.8863651,-.9857545
"Colorado",2011,"For-Profit 2-year",-7.476257,3.764823,3.025099,-1.416724,.3037779,.0355786,2.124234,-.3605297
"Colorado",2012,"For-Profit 2-year",-9.430614,2.994783,2.645298,-1.755943,.3398624,.141635,5.029917,.0350604
"Colorado",2013,"For-Profit 2-year",-7.49591,2.066678,4.358875,-1.697142,.5796446,.2583034,.8908646,1.038687
"Colorado",2014,"For-Profit 2-year",-14.51923,4.811367,3.908188,-1.748186,.5458717,.2508122,5.536717,1.21446
"Colorado",2015,"For-Profit 2-year",-11.33406,3.940636,3.081001,-1.740554,.3636974,.1764089,4.761447,.7514253
"Colorado",2016,"For-Profit 2-year",-12.52927,4.099241,3.919962,-1.576035,1.0145,.1844114,5.299167,-.4119779
"Colorado",2017,"For-Profit 2-year",-12.85764,6.390331,3.645356,-1.29538,1.258917,.3907001,2.576892,-.1091796
"Colorado",2009,"Public 2-year",.8121046,-6.051807,3.077092,1.169068,.5812671,,2.748686,
"Colorado",2010,"Public 2-year",-.3100024,-4.817965,2.080413,-.1055613,.1239071,.2894374,4.151052,-1.411283
"Colorado",2011,"Public 2-year",-2.861328,-5.27796,2.459543,-.3231882,.1318937,.1997069,5.578743,.0925891
"Colorado",2012,"Public 2-year",-1.980061,-4.295707,2.184912,-.3181939,.0804901,.1676731,3.593755,.5671296
"Colorado",2013,"Public 2-year",-.9476762,-4.103088,2.056734,-.2035853,.0061299,.1331129,2.195266,.8631046
"Colorado",2014,"Public 2-year",-.1506893,-3.766362,1.69264,-.2368298,-.005108,.1167955,1.287859,1.061695
"Colorado",2015,"Public 2-year",-.2257955,-3.486999,1.374214,-.217452,-.0040311,.1185592,1.380026,1.061477
"Colorado",2016,"Public 2-year",-3.951596,.3269276,.6583249,-.4050351,.0302758,.1282,2.342175,.8707261
"Colorado",2017,"Public 2-year",-6.867632,1.613746,.6508816,-.5781128,-.0507112,.0854617,4.63771,.5086572
"Connecticut",2009,"For-Profit 2-year",-10.75904,1.28666,9.231794,-2.180588,.3334447,,3.589998,-1.442979
"Connecticut",2010,"For-Profit 2-year",-17.68893,3.463576,15.64191,-3.112262,.1511512,-.0443022,3.111835,-1.522978
"Connecticut",2011,"For-Profit 2-year",-18.92644,.5832919,10.98502,-3.064464,.449161,-.0448284,9.802647,.2156159
"Connecticut",2012,"For-Profit 2-year",-20.88115,-.5396007,10.60908,-2.947319,.4890739,-.0547128,12.56242,.7622071
"Connecticut",2013,"For-Profit 2-year",-15.23883,-.2175692,8.666717,-3.189041,.0769385,-.0459764,5.873896,4.073864
"Connecticut",2014,"For-Profit 2-year",-14.13312,.0213325,10.93618,-3.313715,.1970054,.1014584,.5114708,5.679392
"Connecticut",2015,"For-Profit 2-year",-15.73926,-1.081443,11.45152,-2.967166,.2205149,.1323006,1.194627,6.788901
"Connecticut",2016,"For-Profit 2-year",-11.96386,-1.703228,9.329958,-2.988687,.1027186,-.0321811,2.002496,5.252786
"Connecticut",2017,"For-Profit 2-year",-9.348989,-2.602109,6.471284,-2.233111,.3764797,-.0312371,3.622868,3.744817
"Connecticut",2009,"Public 2-year",-14.44502,4.591497,5.301041,-.8577991,-.0134049,,6.951097,
"Connecticut",2010,"Public 2-year",-10.45654,3.895822,4.882397,-1.707646,-.1021174,.0820542,3.441938,-.035909
"Connecticut",2011,"Public 2-year",-11.4681,5.580378,5.467331,-1.567215,.0006886,.0957449,1.81259,.078583
"Connecticut",2012,"Public 2-year",-11.37754,6.38772,6.133364,-1.430073,-.0150158,.0870592,.5499814,-.3354941
"Connecticut",2013,"Public 2-year",-11.08362,7.03838,6.461612,-1.413223,-.0233966,.1085487,-.7945893,-.2937084
"Connecticut",2014,"Public 2-year",-11.99291,7.563051,6.936394,-1.354643,-.0132052,.123135,-1.083238,-.1785833
"Connecticut",2015,"Public 2-year",-12.08465,8.156595,6.563741,-1.424859,-.0925838,.1270754,-1.169472,-.0758431
"Connecticut",2016,"Public 2-year",-13.2707,9.490073,6.459765,-1.411059,-.0608825,.1163069,-1.094596,-.2289112
"Connecticut",2017,"Public 2-year",-13.24438,10.02235,6.701375,-1.660465,-.0721523,.1272793,-2.055098,.181091
"Delaware",2009,"Public 2-year",-4.965603,-.6247522,3.530309,-.0452665,-.075576,,2.338988,-.127563
"Delaware",2010,"Public 2-year",.3132603,-2.06876,2.348771,-.422789,-.1824939,.0869051,-.258558,.1836668
"Delaware",2011,"Public 2-year",-1.457294,-1.745009,1.691275,-.2081377,-.0266755,.1011323,.9622392,.6824715
"Delaware",2012,"Public 2-year",-2.326944,-1.009729,1.993504,.1483566,-.1074249,.073039,.4478734,.7813283
"Delaware",2013,"Public 2-year",-3.358692,-.6349034,3.066102,-.0618224,.0153565,.1048985,.593763,.2752984
"Delaware",2014,"Public 2-year",-4.161016,-.040561,3.066288,-.141293,-.0915467,.1051484,.6164795,.6465017
"Delaware",2015,"Public 2-year",-4.06664,3.01643,-.7326275,.6519461,-.3010159,.0472391,1.379568,.0050981
"Delaware",2016,"Public 2-year",-5.49866,1.320159,3.414702,-1.285494,.0460851,.0810245,.6483557,1.273825
"Delaware",2017,"Public 2-year",-5.806929,2.049316,2.481115,-1.633293,.1214375,.0989594,1.234449,1.454942
"Florida",2009,"For-Profit 2-year",-19.38421,2.953637,13.06592,-1.245256,.0797044,,4.878497,-.0890053
"Florida",2010,"For-Profit 2-year",-15.39178,-2.447932,16.10509,-1.929573,.1228334,.1080476,3.589455,-.1561393
"Florida",2011,"For-Profit 2-year",-18.05628,-3.145671,15.45641,-2.225952,.340672,.110306,7.139388,.3811253
"Florida",2012,"For-Profit 2-year",-19.59766,-4.796095,18.15046,-2.36053,.437158,.1290865,7.113648,.9239281
"Florida",2013,"For-Profit 2-year",-20.67139,-5.16045,16.50903,-2.373753,.2835329,.1714773,10.7151,.526455
"Florida",2014,"For-Profit 2-year",-19.67732,-5.429131,16.12454,-2.31886,.2438767,.1996188,10.42295,.434334
"Florida",2015,"For-Profit 2-year",-14.71213,4.180323,5.578052,-1.857678,.2484181,.1081849,6.272865,.181965
"Florida",2016,"For-Profit 2-year",-14.98176,6.727884,4.936154,-1.668542,.4503697,.1392184,5.018098,-.6214263
"Florida",2017,"For-Profit 2-year",-17.221,10.89063,3.572594,-1.878404,.0063249,.1181434,5.235068,-.7233595
"Florida",2009,"Public 2-year",-2.844464,2.410392,-.317413,.3049214,.1405127,,1.908567,
"Florida",2010,"Public 2-year",-1.923693,.260453,1.994375,-.4880445,-.0469356,.0788052,1.510804,-1.385764
"Florida",2011,"Public 2-year",-6.346009,2.163335,2.870305,-.4673132,-.0329662,.1164452,2.241428,-.5452255
"Florida",2012,"Public 2-year",-7.655647,2.207013,1.912897,-.5899758,-.0489402,.1306622,4.345049,-.3010587
"Florida",2013,"Public 2-year",-6.519006,1.857262,2.033418,-.553211,-.051326,.1558708,3.153276,-.0762835
"Florida",2014,"Public 2-year",-6.83379,2.254794,1.792848,-.5679598,-.0511538,.1693173,3.173348,.0625967
"Florida",2015,"Public 2-year",-6.901926,2.615453,1.261387,-.5315704,.0049118,.165965,3.185219,.2005616
"Florida",2016,"Public 2-year",-7.059825,2.531452,1.401172,-.4552282,.0099792,.169515,2.957507,.4454286
"Florida",2017,"Public 2-year",-7.090294,3.347865,1.046633,-.5482261,-.0040374,.1555052,2.474741,.6178152
"Georgia",2009,"For-Profit 2-year",-27.37094,-4.480485,26.72656,-1.364888,.1528791,,6.410887,.1564804
"Georgia",2010,"For-Profit 2-year",-24.44053,-5.80121,29.55259,-3.30067,-.1544236,.01443,4.67831,-.5484951
"Georgia",2011,"For-Profit 2-year",-27.62733,-4.175106,33.13778,-3.414512,-.0036983,.041045,1.883527,.1582859
"Georgia",2012,"For-Profit 2-year",-28.79672,-3.836478,35.80872,-3.482364,-.0507228,-.0056181,.3931616,-.0299843
"Georgia",2013,"For-Profit 2-year",-29.9971,-4.129954,37.7946,-3.350261,.0188125,-.021982,-.11784,-.1962724
"Georgia",2014,"For-Profit 2-year",-30.90408,-3.304416,36.75456,-3.104274,-.0100811,.032817,.723043,-.1875737
"Georgia",2015,"For-Profit 2-year",-30.0338,-2.655451,33.06036,-3.134245,-.0624839,.0424625,3.276894,-.493735
"Georgia",2016,"For-Profit 2-year",-29.81739,-2.422136,32.82664,-2.621887,-.0774943,.1471767,3.152366,-1.187282
"Georgia",2017,"For-Profit 2-year",-28.77177,-1.937783,33.21109,-2.841481,.0382175,.0943047,.9425389,-.7351169
"Georgia",2009,"Public 2-year",-.1983431,-4.033926,2.67981,.086982,.0286186,,1.675304,-.1730552
"Georgia",2010,"Public 2-year",-.0116618,-5.405556,6.178989,-.9703912,-.010338,.0407915,.5131969,-.3350291
"Georgia",2011,"Public 2-year",-1.40562,-3.873456,5.962183,-1.055071,.0638727,.0385761,.0931642,.1763507
"Georgia",2012,"Public 2-year",-.5215854,-3.330191,4.818541,-1.009975,.0946972,.057986,-.2291652,.1196925
"Georgia",2013,"Public 2-year",-.6373515,-3.287534,5.203543,-1.146617,.0850468,.0676603,-.4676928,.1829461
"Georgia",2014,"Public 2-year",-1.137048,-2.839002,5.318365,-1.289033,.0468236,.0726593,-.4978233,.3250585
"Georgia",2015,"Public 2-year",-1.757692,-2.036705,5.069404,-1.467718,.0386073,.0661735,-.3698638,.4577935
"Georgia",2016,"Public 2-year",-1.477051,-1.035965,3.374379,-1.430452,-.0073336,.0577012,-.1253445,.6440661
"Georgia",2017,"Public 2-year",-3.837182,-.9410259,5.517162,-1.446905,-.0389433,.0780191,-.0410996,.7099755
"Hawaii",2009,"For-Profit 2-year",-12.05037,-2.273349,-.205354,38.92407,.2700341,,-.9897889,
"Hawaii",2010,"For-Profit 2-year",-17.85001,-3.248179,-.9916951,-33.19873,-.138678,-.7854581,71.30779,-15.09503
"Hawaii",2011,"For-Profit 2-year",-10.91978,3.295334,1.71323,2.374101,.3971827,9.673116,.4432077,-6.976388
"Hawaii",2012,"For-Profit 2-year",-10.85185,1.008844,1.706495,5.046883,.1215848,1.192528,14.01196,-12.23645
"Hawaii",2013,"For-Profit 2-year",-13.73083,-4.271266,2.29555,-6.687951,.2414239,8.678228,17.32771,-3.852867
"Hawaii",2014,"For-Profit 2-year",-15.21047,-5.396956,2.474725,-12.62021,.0546824,9.895279,25.22397,-4.42102
"Hawaii",2009,"Public 2-year",-5.513879,-4.524979,-1.673807,35.35581,.1705745,,3.010097,
"Hawaii",2010,"Public 2-year",-7.589735,1.388115,-.5884734,-3.233698,-.0093173,4.185808,1.78955,4.057749
"Hawaii",2011,"Public 2-year",-8.568748,2.552742,-.653466,-5.384125,.0608864,2.474444,1.900007,7.618259
"Hawaii",2012,"Public 2-year",-9.072307,3.030239,-.7645556,-5.317331,.051263,1.119302,2.578018,8.375371
"Hawaii",2013,"Public 2-year",-9.204832,2.855996,-.7885322,-4.498251,-.0183854,-.5000068,2.70923,9.44478
"Hawaii",2014,"Public 2-year",-9.549875,3.048426,-.9146005,-4.068221,-.0521039,-1.797496,2.901756,10.43211
"Hawaii",2015,"Public 2-year",-9.884273,3.112459,-1.256409,-3.085296,-.1112939,-2.450277,2.946878,10.72821
"Hawaii",2016,"Public 2-year",-9.493511,3.210222,-.9555575,-3.295647,-.0514693,-3.350228,3.21133,10.72486
"Hawaii",2017,"Public 2-year",-10.05436,3.512825,-1.019052,-3.263947,-.0538226,-3.210155,3.285937,10.80257
"Idaho",2009,"For-Profit 2-year",-8.044004,-1.823352,.3504757,.0591194,.4070254,,10.11712,-.7832422
"Idaho",2010,"For-Profit 2-year",3.911503,-2.805454,.6088763,-.3253229,.5932546,.1691447,-1.555505,-.5964964
"Idaho",2011,"For-Profit 2-year",-.5283577,-1.755826,.3521679,-.3559953,.9086539,.2336863,1.279461,-.1337891
"Idaho",2012,"For-Profit 2-year",-1.549704,1.027917,.5661133,-.3799291,.3245405,.3724519,.338683,-.700071
"Idaho",2013,"For-Profit 2-year",-.1375425,.0452767,1.237301,-.8038059,.6285809,.2695299,-.6301318,-.6092065
"Idaho",2014,"For-Profit 2-year",-1.335414,.5718763,1.559711,-.6964566,.7615266,.4229998,-.5574459,-.7267974
"Idaho",2015,"For-Profit 2-year",-3.893875,.5186104,1.411801,1.726324,1.581939,.0843907,-.5040213,-.9251688
"Idaho",2016,"For-Profit 2-year",-10.07707,6.3339,1.984893,2.720391,.5223761,.1254968,-.5648149,-1.045176
"Idaho",2017,"For-Profit 2-year",-17.58752,17.53439,1.323699,-.1395495,.196053,.9764702,-.9026394,-1.400905
"Idaho",2009,"Public 2-year",-3.129245,-6.985361,.255678,.7137709,1.236367,,9.61292,-1.347726
"Idaho",2010,"Public 2-year",-2.355148,-2.961816,.4681484,-.049346,.7417157,.6022102,4.915785,-1.361551
"Idaho",2011,"Public 2-year",-6.658324,-1.208954,.6059704,-.2062745,.8889393,.4693535,7.322932,-1.213641
"Idaho",2012,"Public 2-year",-8.172503,.7455718,.6392952,-.2723301,.9558505,.4147828,7.215677,-1.526345
"Idaho",2013,"Public 2-year",-8.615686,1.268137,.8337322,-.427471,.9063532,.4662276,6.192861,-.6241505
"Idaho",2014,"Public 2-year",-7.924565,1.645043,.8191839,-.2837805,.8860697,.3712298,4.872421,-.3856029
"Idaho",2015,"Public 2-year",-7.480325,1.908568,.8917327,-.183997,.7960435,.37545,4.369004,-.6764776
"Idaho",2016,"Public 2-year",-7.661379,2.519016,1.046312,-.0078,.6304505,.5835218,3.552466,-.6625857
"Idaho",2017,"Public 2-year",-7.837069,3.208472,1.219127,.4229789,.7694983,.3275724,2.766983,-.8775639
"Illinois",2009,"For-Profit 2-year",-15.69269,2.587271,14.19028,-.8190932,.0937601,,.5720795,-.7337798
"Illinois",2010,"For-Profit 2-year",-12.93826,1.661396,17.98583,-3.709836,-.0792347,.14269,-2.057724,-1.004866
"Illinois",2011,"For-Profit 2-year",-8.842273,1.986906,14.48951,-3.504699,.1426063,.1696738,-4.39167,-.0500519
"Illinois",2012,"For-Profit 2-year",-11.87718,1.697046,14.10857,-2.704777,.3234338,.3055048,-2.429392,.5767936
"Illinois",2013,"For-Profit 2-year",-10.91477,-3.472315,14.4792,-2.97488,.4721188,.2882242,-.1967423,2.319158
"Illinois",2014,"For-Profit 2-year",-12.91262,-2.903446,14.99658,-3.102734,.4793647,.1938433,1.582142,1.666874
"Illinois",2015,"For-Profit 2-year",-11.79399,-3.216703,14.0939,-2.551211,.2833402,.2984496,1.376546,1.509673
"Illinois",2016,"For-Profit 2-year",-11.43552,-3.468277,14.40621,-2.294446,.3536025,.3807517,.6008679,1.456815
"Illinois",2017,"For-Profit 2-year",-13.32885,4.212094,12.55929,-2.387909,-.0108555,.2244309,-.6960785,-.5721228
"Illinois",2009,"Public 2-year",-1.201362,-.6872165,4.870056,.7957923,.1453417,,-2.816521,
"Illinois",2010,"Public 2-year",-.4325216,-1.736105,5.463067,-.6707334,-.0053942,.1701881,-2.030547,-.7579544
"Illinois",2011,"Public 2-year",-2.781383,.5450672,5.49529,-.8303019,.1012126,.1937265,-2.742144,.0185324
"Illinois",2012,"Public 2-year",-3.560709,1.069501,5.165669,-1.013924,.0960081,.2018536,-2.131816,.1734169
"Illinois",2013,"Public 2-year",-4.408577,2.187114,4.606508,-1.088727,.0960254,.1461364,-1.96287,.42439
"Illinois",2014,"Public 2-year",-5.012857,3.437719,3.812898,-.9907949,.0595615,.1448205,-1.942665,.4913186
"Illinois",2015,"Public 2-year",-5.536994,5.265652,2.637399,-1.323906,.0422064,.133255,-1.851232,.63362
"Illinois",2016,"Public 2-year",-6.131963,6.944449,2.025409,-1.428,.0155813,.1068973,-2.313168,.7807931
"Illinois",2017,"Public 2-year",-6.212792,7.726459,1.720677,-1.477011,-.009629,.076425,-2.62716,.8030313
"Indiana",2009,"For-Profit 2-year",-23.24135,-2.603141,9.185802,-.8159417,.0324985,,18.36573,-.8805075
"Indiana",2010,"For-Profit 2-year",-21.9226,-3.677553,9.355906,-1.471825,.0429963,.0319321,18.4549,-.8137605
"Indiana",2011,"For-Profit 2-year",-24.71031,-2.765924,8.395294,-1.365485,.0397689,.0686798,20.9657,-.6277183
"Indiana",2012,"For-Profit 2-year",-23.29683,-2.208545,8.685707,-1.511728,.0915201,.0705435,18.49366,-.3243358
"Indiana",2013,"For-Profit 2-year",-24.4207,-2.23211,9.247205,-1.549287,.1232287,.0594905,16.42565,2.346524
"Indiana",2014,"For-Profit 2-year",-23.95475,-2.057757,11.53475,-1.540437,.1426278,.0561726,13.74969,2.069699
"Indiana",2015,"For-Profit 2-year",-21.23911,-1.808818,12.45058,-1.570181,.1836154,.0398684,10.74232,1.201729
"Indiana",2016,"For-Profit 2-year",-9.672489,-.9928231,10.78832,-1.521885,.1540156,.1269446,.2516228,.8662979
"Indiana",2017,"For-Profit 2-year",-13.04013,.0242556,11.58648,-.552029,.2611228,.2298578,.3327758,1.157664
"Indiana",2009,"Public 2-year",-3.354573,-2.373849,2.843253,-.3409938,.1637401,,4.472186,-1.157691
"Indiana",2010,"Public 2-year",-1.710096,-3.559106,4.651826,-1.288994,.0947355,.0641488,2.002647,-.2551586
"Indiana",2011,"Public 2-year",-4.984791,-2.994354,5.837138,-1.275516,.1822539,.0438418,2.800086,.3913418
"Indiana",2012,"Public 2-year",9.577029,-3.230531,-5.204188,-1.699868,.2106004,-.0095367,.4669916,-.1105005
"Indiana",2013,"Public 2-year",9.212845,-3.633367,-5.213133,-1.699487,.1974025,-.0005597,.43846,.6978398
"Indiana",2014,"Public 2-year",8.137178,-2.305575,-5.215978,-1.702462,.2016006,-.0196741,.4110402,.4938712
"Indiana",2015,"Public 2-year",9.716299,-4.520514,-6.451826,-1.960048,.1597565,.1044365,2.022395,.9294994
"Indiana",2016,"Public 2-year",8.739576,-2.898677,-7.344271,-2.07768,.0571802,.1148183,2.03629,1.372764
"Indiana",2017,"Public 2-year",9.800884,-3.064715,-7.604923,-2.252568,.0925037,.1164098,1.524042,1.388369
"Iowa",2009,"For-Profit 2-year",-17.18763,-1.614646,5.758524,-1.483397,.0365363,,14.92374,-.4042296
"Iowa",2010,"For-Profit 2-year",-16.98285,-2.839277,5.878684,-1.6179,.0369671,-.049684,16.32359,-.7495387
"Iowa",2011,"For-Profit 2-year",-7.37781,-.8545275,6.894333,-1.519278,.4756524,.0714489,3.162386,-.8522059
"Iowa",2012,"For-Profit 2-year",-5.462533,-.0205901,7.933843,-1.465915,.1853049,.0758089,-.3316845,-.9142353
"Iowa",2013,"For-Profit 2-year",-7.71077,.4024657,6.823167,-1.604125,.4544757,.0226024,2.467757,-.8555712
"Iowa",2014,"For-Profit 2-year",-11.03162,-.5591995,7.024192,-1.341844,.2724191,.1528725,6.711055,-1.22788
"Iowa",2015,"For-Profit 2-year",-9.594309,.2838793,5.89022,-1.95385,.23202,.1640406,5.266521,-.2885211
"Iowa",2016,"For-Profit 2-year",-9.330667,.3421428,5.121107,-2.079903,.1886105,.1948607,5.685121,-.1212734
"Iowa",2017,"For-Profit 2-year",-23.38187,1.262779,4.568226,-2.220003,-.0207421,.0609132,20.01013,-.2794312
"Iowa",2009,"Public 2-year",-10.51538,-.7893202,2.596994,-.6047726,.3562303,,9.670524,-.3696952
"Iowa",2010,"Public 2-year",-11.30708,-1.224342,3.0654,-.8196676,.3261179,.0117598,10.51761,-.569796
"Iowa",2011,"Public 2-year",-13.88382,-.6197165,3.796424,-.86827,.3113277,.0735127,11.43154,-.2409931
"Iowa",2012,"Public 2-year",-8.473854,.1678835,4.121536,-.8136356,.4057079,.0673158,4.542105,-.0170582
"Iowa",2013,"Public 2-year",-8.547009,.3731657,3.999209,-.619037,.369128,.1123608,4.016614,.2955679
"Iowa",2014,"Public 2-year",-8.93369,.6780338,4.405281,-.8509641,.3320822,.110141,3.835804,.4233138
"Iowa",2015,"Public 2-year",-9.838266,1.165928,4.698606,-.8316162,.3364218,.1290999,3.909585,.4302427
"Iowa",2016,"Public 2-year",-10.97644,1.64517,4.287005,-.7185847,.2537937,.0676962,4.813517,.6278424
"Iowa",2017,"Public 2-year",-11.84217,2.130993,5.182056,-.7548652,.2854329,.0432224,4.005266,.9500636
"Kansas",2009,"For-Profit 2-year",-19.91541,-4.089059,10.3548,-1.274529,.7924961,,15.28036,-1.021954
"Kansas",2010,"For-Profit 2-year",-6.635328,-4.516334,14.31941,-1.272766,.9122237,.0364295,-2.921056,.0774245
"Kansas",2011,"For-Profit 2-year",-12.45094,-2.342547,15.01084,-1.332978,1.043372,.1215508,.2432449,-.2925483
"Kansas",2012,"For-Profit 2-year",-13.00841,-1.474506,13.59892,-1.695798,.2453654,.1250975,.927214,1.282118
"Kansas",2013,"For-Profit 2-year",-11.29042,-1.224881,12.17374,-2.30723,.3026592,.1311805,1.470138,.7448145
"Kansas",2014,"For-Profit 2-year",-9.440529,-1.92623,11.70387,-2.456532,1.073595,.1379459,.749557,.158327
"Kansas",2015,"For-Profit 2-year",-7.995997,-3.137762,11.86455,-2.706966,1.205566,.439485,.5157368,-.184616
"Kansas",2016,"For-Profit 2-year",-7.205317,-3.751788,10.80099,-3.029772,1.445245,.266756,1.177847,.2960354
"Kansas",2017,"For-Profit 2-year",-11.13531,-3.687016,13.81677,-2.474884,.4161135,.0491416,1.763037,1.252151
"Kansas",2009,"Public 2-year",-7.401274,-2.207571,3.92383,-.0145346,2.618025,,5.113092,-2.310956
"Kansas",2010,"Public 2-year",-5.4225,-2.694483,4.459908,-.4181655,1.8032,.055035,3.210443,-.9934382
"Kansas",2011,"Public 2-year",-8.600638,-1.961008,5.105742,-.3003358,1.742529,.0817299,4.736833,-.8048516
"Kansas",2012,"Public 2-year",-8.103255,-1.094568,5.153849,-.3990808,1.822815,.1297109,2.745805,-.2552757
"Kansas",2013,"Public 2-year",-7.978097,-.200958,5.078592,-.2842398,.459039,.1362865,2.738639,.0507382
"Kansas",2014,"Public 2-year",-9.762146,.1287302,4.957177,-.353642,1.723723,.1086315,2.844689,.3528361
"Kansas",2015,"Public 2-year",-10.82985,1.053005,4.616632,-.5129535,1.91926,.1137487,3.104466,.5356877
"Kansas",2016,"Public 2-year",-11.30684,1.796685,4.497587,-.6368373,1.974174,.0939303,3.291054,.2902463
"Kansas",2017,"Public 2-year",-11.01277,2.069573,4.952358,-.6143969,.48746,.1206898,3.254182,.7429056
"Kentucky",2009,"For-Profit 2-year",-16.00182,-1.278226,10.58884,-.6964278,.2102779,,5.861123,1.862851
"Kentucky",2010,"For-Profit 2-year",-13.69891,-2.103574,11.40187,-1.091671,.2200747,.0309626,3.447692,1.793561
"Kentucky",2011,"For-Profit 2-year",-14.50899,-1.882382,13.08282,-1.062214,.0686457,.0240232,2.619306,1.65879
"Kentucky",2012,"For-Profit 2-year",-16.19245,-1.509313,13.51447,-1.096091,.1083702,.0451333,3.790552,1.339336
"Kentucky",2013,"For-Profit 2-year",-13.0387,-1.461302,12.79714,-1.259323,.140243,.0790853,1.584551,1.158304
"Kentucky",2014,"For-Profit 2-year",-15.03247,-1.490042,13.75839,-1.069058,-.0676796,.1115247,2.431693,1.357639
"Kentucky",2015,"For-Profit 2-year",-16.93095,-.716087,13.17902,-1.107625,.0430309,.1348763,3.52821,1.869521
"Kentucky",2016,"For-Profit 2-year",-16.15778,-.2410429,10.98931,-1.030991,.0999506,.1897065,3.661523,2.489325
"Kentucky",2017,"For-Profit 2-year",-16.07919,4.982059,6.06097,-1.155828,.0174701,.1295147,3.199375,2.845631
"Kentucky",2009,"Public 2-year",-2.783503,-.8434159,.7944893,-.1696327,.1210699,,3.952636,
"Kentucky",2010,"Public 2-year",.8679987,-1.450177,1.638557,-.5443228,.0456756,.044348,-.5613078,-.0407723
"Kentucky",2011,"Public 2-year",-.5996917,-.8609563,1.8874,-.5528739,.0767792,.0243296,-.277395,.3024074
"Kentucky",2012,"Public 2-year",-.647582,-.564113,1.469293,-.5023199,.11915,.0307222,-.1517269,.2465768
"Kentucky",2013,"Public 2-year",-.727668,-.5111491,1.161509,-.474832,.0701715,.0397503,-.0489391,.4911583
"Kentucky",2014,"Public 2-year",-1.678023,-.3741375,1.609488,-.4419869,.0707219,.062537,.0484434,.7029555
"Kentucky",2015,"Public 2-year",-1.934284,.0144872,.8623831,-.3193701,.045082,.0529589,.2894227,.9893199
"Kentucky",2016,"Public 2-year",-.8861357,.3847726,-.0776727,-.2974317,-.0078534,.0295962,-.4814868,1.336212
"Kentucky",2017,"Public 2-year",-1.247635,.8045897,-.1886106,-.33861,-.0173602,.0256812,-.4344595,1.396406
"Louisiana",2009,"For-Profit 2-year",-13.61444,-.7424549,15.47868,-.7385373,.0963881,,.1413217,-.4970419
"Louisiana",2010,"For-Profit 2-year",-12.46229,-1.167273,14.60722,-1.084184,.026498,-.0028179,.947743,-.8648947
"Louisiana",2011,"For-Profit 2-year",-17.56571,-1.267611,20.03822,-.9766248,-.0364104,-.0263634,.5399784,-.7054806
"Louisiana",2012,"For-Profit 2-year",-20.45546,-2.035285,23.78645,-1.507774,-.1254504,.0315653,.7552243,-.4492742
"Louisiana",2013,"For-Profit 2-year",-22.66818,-2.46672,27.02647,-1.63352,-.1903298,-.0117328,.2706061,-.3265949
"Louisiana",2014,"For-Profit 2-year",-23.39489,-2.552705,27.6389,-1.729236,-.067278,-.0078106,.5037921,-.3907828
"Louisiana",2015,"For-Profit 2-year",-25.87786,-1.991067,28.4599,-1.69811,-.0872853,.2798705,1.47252,-.5579669
"Louisiana",2016,"For-Profit 2-year",-27.71406,-2.368341,31.53892,-1.812481,-.036448,.045998,.5243747,-.1779608
"Louisiana",2017,"For-Profit 2-year",-26.78395,-3.237897,32.16291,-2.189815,.0160391,.0444349,.4107715,-.4225004
"Louisiana",2009,"Public 2-year",-5.88375,-1.180537,3.529223,-.1801995,.1899979,,3.952819,-.0770541
"Louisiana",2010,"Public 2-year",-6.323615,-2.728535,7.218829,-.8142816,.1409462,-.0021062,2.726403,-.2176392
"Louisiana",2011,"Public 2-year",-14.95309,-2.494245,2.333607,-1.233561,.1331202,.0138394,16.34331,-.1429743
"Louisiana",2012,"Public 2-year",-9.410759,-.5431739,6.053608,-.8766438,.134244,.0489029,4.25838,.3354418
"Louisiana",2013,"Public 2-year",-9.193514,-.6570032,6.869276,-.890802,.1199098,.0646212,3.306969,.3805439
"Louisiana",2014,"Public 2-year",-10.01062,-.8665289,6.878036,-.8322443,.1738195,.0917125,4.109721,.4561024
"Louisiana",2015,"Public 2-year",-9.46065,-.9635771,6.800547,-.9361594,.2678464,.09457,3.630249,.567174
"Louisiana",2016,"Public 2-year",-8.616501,-.9582614,6.546537,-.8826225,.2976196,.08064,2.671286,.861303
"Louisiana",2017,"Public 2-year",-8.595153,-.7979038,7.305047,-.9581121,.3136587,.1226369,1.59027,1.019556
"Maine",2009,"For-Profit 2-year",-49.34627,-1.617586,-1.427256,-2.00257,-.2868237,,55.7964,-1.074644
"Maine",2010,"For-Profit 2-year",-47.13476,-1.423539,-1.639445,-2.009912,-.2250209,-.0390758,53.83607,-1.364328
"Maine",2011,"For-Profit 2-year",-21.54705,.2632304,.6969448,-.9143673,-.1408081,-.0226861,22.91678,-1.252033
"Maine",2012,"For-Profit 2-year",-3.769521,.3508052,1.40106,-.8494051,.0886648,.1214633,3.973255,-1.316319
"Maine",2013,"For-Profit 2-year",-2.033817,.954843,1.494709,-.8589137,.2731507,.3116767,1.236219,-1.377867
"Maine",2014,"For-Profit 2-year",-2.302727,.9064934,1.045575,-.8881224,.050645,.3520724,2.349305,-1.513243
"Maine",2015,"For-Profit 2-year",-3.899372,.5644232,.4333921,-1.088915,.2966701,.1560495,4.776728,-1.238974
"Maine",2016,"For-Profit 2-year",-9.648554,.7917235,1.072474,-.7674366,.9195215,.1848628,8.576092,-1.128683
"Maine",2017,"For-Profit 2-year",-19.91954,-.1427608,-.1943475,-2.006152,.2011511,0,22.61138,-.549723
"Maine",2009,"Public 2-year",-11.48016,-.5771341,.2758554,-.4127299,1.175319,,12.47358,-.8514948
"Maine",2010,"Public 2-year",-7.252664,-.5046324,.3766037,-.747371,.6133695,-.0148169,8.617341,-1.087831
"Maine",2011,"Public 2-year",-8.663626,-.5121368,.6650799,-.813049,.5506639,.018615,8.654137,.1003161
"Maine",2012,"Public 2-year",-5.102204,-.4352887,1.115266,-.8242841,.5314395,.0735787,4.565175,.0763154
"Maine",2013,"Public 2-year",-4.936249,.0521015,1.083832,-.877654,.6604506,.0723081,3.766157,.1790553
"Maine",2014,"Public 2-year",-5.475276,.2999822,1.42175,-.643375,.6551765,.1144899,3.419287,.207966
"Maine",2015,"Public 2-year",-6.129799,.5721712,1.80343,-.6557337,.3846143,.0877245,3.810842,.1267521
"Maine",2016,"Public 2-year",-6.573058,.3961794,2.497298,-.7067295,.3907885,.0815703,3.41533,.4986186
"Maine",2017,"Public 2-year",-6.053088,.3056789,2.642267,-.6797717,.3082252,.0826927,3.016137,.3778577
"Maryland",2009,"For-Profit 2-year",-15.79998,-.8592045,17.84879,-2.915349,-.0275023,,3.122769,-1.300695
"Maryland",2010,"For-Profit 2-year",-11.58382,-3.719827,19.47807,-4.689514,-.1226695,-.0204071,2.325196,-1.667026
"Maryland",2011,"For-Profit 2-year",-12.70977,-2.895066,20.7027,-4.757155,.1905389,.0957999,.563268,-1.190309
"Maryland",2012,"For-Profit 2-year",-12.23906,-1.935503,20.54411,-5.25551,.3167162,.0394803,-.5584043,-.9118305
"Maryland",2013,"For-Profit 2-year",-12.03826,-1.705021,20.92372,-4.62842,.4263578,.0636722,-2.033094,-1.008952
"Maryland",2014,"For-Profit 2-year",-11.48389,-1.003625,19.10004,-4.732646,.4322448,.2419152,-1.664839,-.889202
"Maryland",2015,"For-Profit 2-year",-16.66824,.0338259,14.48846,-5.272692,.0844226,.0208732,-1.628274,8.941619
"Maryland",2016,"For-Profit 2-year",-16.10306,1.240727,19.94307,-5.888747,-.0013197,.1591446,1.135416,-.4852229
"Maryland",2017,"For-Profit 2-year",-27.73421,7.162343,27.95129,-5.695803,-.0566551,.0100989,-1.358066,-.2789993
"Maryland",2009,"Public 2-year",-3.562459,-2.887784,2.826661,.1237566,.1726089,,4.895329,
"Maryland",2010,"Public 2-year",-.8776706,-2.533379,3.713308,-1.464272,.0615123,.1105176,1.945605,-.9556208
"Maryland",2011,"Public 2-year",-2.709204,-2.468591,4.336539,-1.509175,.0812116,.1644303,2.037097,.0676924
"Maryland",2012,"Public 2-year",-1.310394,-2.038487,2.778749,-1.624528,.0583509,.1859437,1.55196,.3984046
"Maryland",2013,"Public 2-year",-1.96635,-1.600247,3.232056,-1.527354,.0464134,.165567,.8615968,.7883162
"Maryland",2014,"Public 2-year",-2.513216,-1.331539,3.259525,-1.635455,.1113509,.1685429,1.022987,.9178035
"Maryland",2015,"Public 2-year",-3.135815,-.8216308,3.2081,-1.694452,.2081749,.1558874,1.225806,.853929
"Maryland",2016,"Public 2-year",-4.038738,-.3248745,3.199378,-1.58932,.0644347,.1579807,1.320479,1.210659
"Maryland",2017,"Public 2-year",-4.407765,.0260718,2.972753,-1.67298,.0527611,.1510073,1.529149,1.349002
"Massachusetts",2009,"For-Profit 2-year",-22.83644,11.60898,9.569996,-2.871543,.1938172,,5.087734,-.7036859
"Massachusetts",2010,"For-Profit 2-year",-17.53143,8.479612,10.28018,-3.642063,.1345969,.0253104,3.170256,-.9164628
"Massachusetts",2011,"For-Profit 2-year",-20.42516,8.624029,11.55998,-3.967554,.2548269,-.0361857,4.144286,-.154221
"Massachusetts",2012,"For-Profit 2-year",-19.70774,5.502211,10.69618,-3.622509,.0587927,-.0048038,5.7298,1.348063
"Massachusetts",2013,"For-Profit 2-year",-22.12292,7.564897,11.67781,-3.205372,.0436975,.1463342,4.628675,1.266885
"Massachusetts",2014,"For-Profit 2-year",-20.751,5.458756,12.37287,-2.395734,.1697972,.0727337,4.397602,.6749671
"Massachusetts",2015,"For-Profit 2-year",-20.04274,4.509284,10.35607,-2.798956,.1217309,.1731661,6.582828,1.098622
"Massachusetts",2016,"For-Profit 2-year",-19.83607,6.707262,9.083379,-3.134412,-.0526644,.1190173,5.372861,1.740628
"Massachusetts",2017,"For-Profit 2-year",-12.79857,9.955034,5.805315,-5.127971,.3154254,-.0338236,3.126657,-1.242063
"Massachusetts",2009,"Public 2-year",-10.09507,3.414127,4.596596,-1.078385,.2591868,,4.267592,-1.0508
"Massachusetts",2010,"Public 2-year",-6.088335,3.003819,5.163105,-1.657435,.141445,.0897085,.8514218,-1.503729
"Massachusetts",2011,"Public 2-year",-10.85307,5.280989,5.164309,-1.806762,.2220714,.0669883,1.847353,.0781206
"Massachusetts",2012,"Public 2-year",-10.74629,5.551013,6.097632,-1.988191,.1552939,.1134349,.9776133,-.1605077
"Massachusetts",2013,"Public 2-year",-11.72525,6.07845,6.556262,-1.813595,.1499911,.0968944,1.178944,-.521701
"Massachusetts",2014,"Public 2-year",-12.67171,6.724561,7.486131,-2.105195,.1408516,.0839636,.5068825,-.1654864
"Massachusetts",2015,"Public 2-year",-12.7122,7.191728,7.330707,-2.323423,.1371347,.0996187,.347901,-.0714613
"Massachusetts",2016,"Public 2-year",-13.28174,7.099676,7.358457,-2.258801,.1259713,.0801872,.7780252,.0982248
"Massachusetts",2017,"Public 2-year",-13.96949,7.002412,7.354439,-2.337462,.0662104,.0670831,1.498256,.3185508
"Michigan",2009,"For-Profit 2-year",-12.9416,-.3873923,4.476033,-2.218895,.1865676,,12.11466,-1.176802
"Michigan",2010,"For-Profit 2-year",-19.84476,-1.645132,9.771352,-1.975238,-.0032105,.0146663,15.00474,-1.322419
"Michigan",2011,"For-Profit 2-year",-21.48789,-1.652297,8.32155,-1.916282,.1187494,.0952446,17.10162,-.5806976
"Michigan",2012,"For-Profit 2-year",-20.0136,-.8511011,8.943742,-2.083829,.098027,.0440211,14.3143,-.451555
"Michigan",2013,"For-Profit 2-year",-16.13913,.2382126,10.31568,-2.327849,.258108,.0117505,7.571398,.0718274
"Michigan",2014,"For-Profit 2-year",-17.53797,.2915859,7.494759,-2.616071,.126232,-.0064781,11.78069,.4672475
"Michigan",2015,"For-Profit 2-year",-15.05647,-.2185296,14.29675,-2.343642,.2345646,.1772854,2.256474,.6535705
"Michigan",2016,"For-Profit 2-year",-14.98493,2.258905,9.428591,-3.428687,.2091152,.0732342,5.898664,.5451109
